"artist_name","artist_id","album_id","album_type","album_release_date","album_release_year","album_release_date_precision","danceability","energy","key","loudness","mode","speechiness","acousticness","instrumentalness","liveness","valence","tempo","track_id","analysis_url","time_signature","disc_number","duration_ms","explicit","track_href","is_local","track_name","track_preview_url","track_number","type","track_uri","external_urls.spotify","album_name","key_name","mode_name","key_mode"
"Jay Wheeler","2cPqdH7XMvwaBJEVjheH8g","1EcwiKaYxKwOWsnju1rwHT","album","2023-10-27",2023,"day",0.781,0.517,5,-9.157,0,0.209,0.482,0,0.154,0.729,132.959,"1aLIFdfXRGwSfYNF8GIS0O","https://api.spotify.com/v1/audio-analysis/1aLIFdfXRGwSfYNF8GIS0O",4,1,177514,TRUE,"https://api.spotify.com/v1/tracks/1aLIFdfXRGwSfYNF8GIS0O",FALSE,"TRAPPii","https://p.scdn.co/mp3-preview/ef6cdacbdc4cc631a25a73261b80f345d17848c7?cid=7a1d4f939a1f4e9989be940adaeb2999",1,"track","spotify:track:1aLIFdfXRGwSfYNF8GIS0O","https://open.spotify.com/track/1aLIFdfXRGwSfYNF8GIS0O","TRAPPii","F","minor","F minor"
"Jay Wheeler","2cPqdH7XMvwaBJEVjheH8g","1EcwiKaYxKwOWsnju1rwHT","album","2023-10-27",2023,"day",0.799,0.552,0,-9.159,0,0.172,0.789,0,0.115,0.402,92.035,"76X0sg9YMAfH6P38NMUp6O","https://api.spotify.com/v1/audio-analysis/76X0sg9YMAfH6P38NMUp6O",4,1,147391,TRUE,"https://api.spotify.com/v1/tracks/76X0sg9YMAfH6P38NMUp6O",FALSE,"THROWBACK","https://p.scdn.co/mp3-preview/50b782f8c0808094b946c7888abe473c4a8c89f7?cid=7a1d4f939a1f4e9989be940adaeb2999",2,"track","spotify:track:76X0sg9YMAfH6P38NMUp6O","https://open.spotify.com/track/76X0sg9YMAfH6P38NMUp6O","TRAPPii","C","minor","C minor"
"Jay Wheeler","2cPqdH7XMvwaBJEVjheH8g","1EcwiKaYxKwOWsnju1rwHT","album","2023-10-27",2023,"day",0.588,0.535,9,-7.605,0,0.277,0.447,0,0.176,0.479,86.817,"4ofO3RstzApodaEEPILupI","https://api.spotify.com/v1/audio-analysis/4ofO3RstzApodaEEPILupI",4,1,218522,TRUE,"https://api.spotify.com/v1/tracks/4ofO3RstzApodaEEPILupI",FALSE,"GANGSTA LUV","https://p.scdn.co/mp3-preview/b0ddff09d691438aac1043f41d5cd74c56386ca1?cid=7a1d4f939a1f4e9989be940adaeb2999",3,"track","spotify:track:4ofO3RstzApodaEEPILupI","https://open.spotify.com/track/4ofO3RstzApodaEEPILupI","TRAPPii","A","minor","A minor"
"Jay Wheeler","2cPqdH7XMvwaBJEVjheH8g","1EcwiKaYxKwOWsnju1rwHT","album","2023-10-27",2023,"day",0.661,0.645,9,-4.046,0,0.147,0.597,0,0.107,0.573,178.197,"0TV7rMZ42HNc3xTuMaLC0m","https://api.spotify.com/v1/audio-analysis/0TV7rMZ42HNc3xTuMaLC0m",4,1,150314,TRUE,"https://api.spotify.com/v1/tracks/0TV7rMZ42HNc3xTuMaLC0m",FALSE,"REPEAT","https://p.scdn.co/mp3-preview/0e79759d6038545635800faa4afea8eee0a8372c?cid=7a1d4f939a1f4e9989be940adaeb2999",4,"track","spotify:track:0TV7rMZ42HNc3xTuMaLC0m","https://open.spotify.com/track/0TV7rMZ42HNc3xTuMaLC0m","TRAPPii","A","minor","A minor"
"Jay Wheeler","2cPqdH7XMvwaBJEVjheH8g","1EcwiKaYxKwOWsnju1rwHT","album","2023-10-27",2023,"day",0.724,0.605,5,-7.327,0,0.468,0.453,0,0.0981,0.392,163.193,"53eUjyJMBLYTXgs0e8X3Eo","https://api.spotify.com/v1/audio-analysis/53eUjyJMBLYTXgs0e8X3Eo",4,1,191411,TRUE,"https://api.spotify.com/v1/tracks/53eUjyJMBLYTXgs0e8X3Eo",FALSE,"BBY","https://p.scdn.co/mp3-preview/083e4099ff26dc045da07e8ba1b13edaac839f8b?cid=7a1d4f939a1f4e9989be940adaeb2999",5,"track","spotify:track:53eUjyJMBLYTXgs0e8X3Eo","https://open.spotify.com/track/53eUjyJMBLYTXgs0e8X3Eo","TRAPPii","F","minor","F minor"
"Jay Wheeler","2cPqdH7XMvwaBJEVjheH8g","1EcwiKaYxKwOWsnju1rwHT","album","2023-10-27",2023,"day",0.592,0.654,7,-7.421,0,0.069,0.477,0,0.122,0.191,158.788,"6QjwlQ4tjiQiUxZuETw2yX","https://api.spotify.com/v1/audio-analysis/6QjwlQ4tjiQiUxZuETw2yX",4,1,148924,TRUE,"https://api.spotify.com/v1/tracks/6QjwlQ4tjiQiUxZuETw2yX",FALSE,"DROP TOP","https://p.scdn.co/mp3-preview/75f4082dbc8e83abe5bb73a658b64569735015ef?cid=7a1d4f939a1f4e9989be940adaeb2999",6,"track","spotify:track:6QjwlQ4tjiQiUxZuETw2yX","https://open.spotify.com/track/6QjwlQ4tjiQiUxZuETw2yX","TRAPPii","G","minor","G minor"
"Jay Wheeler","2cPqdH7XMvwaBJEVjheH8g","1EcwiKaYxKwOWsnju1rwHT","album","2023-10-27",2023,"day",0.493,0.558,8,-7.228,0,0.293,0.539,0,0.127,0.602,87.299,"0xbSkrYMZUsRAPb2leRbiZ","https://api.spotify.com/v1/audio-analysis/0xbSkrYMZUsRAPb2leRbiZ",4,1,340000,TRUE,"https://api.spotify.com/v1/tracks/0xbSkrYMZUsRAPb2leRbiZ",FALSE,"PACTO (feat. Bryant Myers & Dei V) - Remix","https://p.scdn.co/mp3-preview/2e9952780eb16d6668f7b8b34e0ce640b4445c15?cid=7a1d4f939a1f4e9989be940adaeb2999",7,"track","spotify:track:0xbSkrYMZUsRAPb2leRbiZ","https://open.spotify.com/track/0xbSkrYMZUsRAPb2leRbiZ","TRAPPii","G#","minor","G# minor"
"Jay Wheeler","2cPqdH7XMvwaBJEVjheH8g","1EcwiKaYxKwOWsnju1rwHT","album","2023-10-27",2023,"day",0.626,0.463,2,-8.031,1,0.0868,0.627,0,0.0673,0.48,167.927,"1ufvoo2h7SrfLTWKLz9Lj0","https://api.spotify.com/v1/audio-analysis/1ufvoo2h7SrfLTWKLz9Lj0",4,1,177142,TRUE,"https://api.spotify.com/v1/tracks/1ufvoo2h7SrfLTWKLz9Lj0",FALSE,"WALK MY WAY","https://p.scdn.co/mp3-preview/3e785f00cf7d2c1d791e445ec6f3753e605c8fd9?cid=7a1d4f939a1f4e9989be940adaeb2999",8,"track","spotify:track:1ufvoo2h7SrfLTWKLz9Lj0","https://open.spotify.com/track/1ufvoo2h7SrfLTWKLz9Lj0","TRAPPii","D","major","D major"
"Jay Wheeler","2cPqdH7XMvwaBJEVjheH8g","1EcwiKaYxKwOWsnju1rwHT","album","2023-10-27",2023,"day",0.708,0.771,11,-8.232,1,0.134,0.724,0,0.0969,0.484,172.079,"5V0N1nOMFFOOL9TjiOnNtX","https://api.spotify.com/v1/audio-analysis/5V0N1nOMFFOOL9TjiOnNtX",4,1,156279,TRUE,"https://api.spotify.com/v1/tracks/5V0N1nOMFFOOL9TjiOnNtX",FALSE,"JUMPING OUT THE WINDOW","https://p.scdn.co/mp3-preview/4389f1011d701c0c9121efb860fbcddfd149a061?cid=7a1d4f939a1f4e9989be940adaeb2999",9,"track","spotify:track:5V0N1nOMFFOOL9TjiOnNtX","https://open.spotify.com/track/5V0N1nOMFFOOL9TjiOnNtX","TRAPPii","B","major","B major"
"Jay Wheeler","2cPqdH7XMvwaBJEVjheH8g","1EcwiKaYxKwOWsnju1rwHT","album","2023-10-27",2023,"day",0.535,0.564,10,-9.176,1,0.0616,0.127,0,0.345,0.284,91.705,"6hmKiUuObvNciKmwDAZdKv","https://api.spotify.com/v1/audio-analysis/6hmKiUuObvNciKmwDAZdKv",4,1,152304,TRUE,"https://api.spotify.com/v1/tracks/6hmKiUuObvNciKmwDAZdKv",FALSE,"FRIO","https://p.scdn.co/mp3-preview/4942df25af7df5da7b4998eacb200e86e10fc9d5?cid=7a1d4f939a1f4e9989be940adaeb2999",10,"track","spotify:track:6hmKiUuObvNciKmwDAZdKv","https://open.spotify.com/track/6hmKiUuObvNciKmwDAZdKv","TRAPPii","A#","major","A# major"
"Jay Wheeler","2cPqdH7XMvwaBJEVjheH8g","1EcwiKaYxKwOWsnju1rwHT","album","2023-10-27",2023,"day",0.601,0.55,1,-8.928,1,0.286,0.443,0,0.0851,0.482,119.908,"0qhm6rORlUSxLuyG8mABNn","https://api.spotify.com/v1/audio-analysis/0qhm6rORlUSxLuyG8mABNn",4,1,214000,TRUE,"https://api.spotify.com/v1/tracks/0qhm6rORlUSxLuyG8mABNn",FALSE,"COMPLICADO","https://p.scdn.co/mp3-preview/84a73931d0454c9273b24ec42bca8d1331036c5b?cid=7a1d4f939a1f4e9989be940adaeb2999",11,"track","spotify:track:0qhm6rORlUSxLuyG8mABNn","https://open.spotify.com/track/0qhm6rORlUSxLuyG8mABNn","TRAPPii","C#","major","C# major"
"Jay Wheeler","2cPqdH7XMvwaBJEVjheH8g","1EcwiKaYxKwOWsnju1rwHT","album","2023-10-27",2023,"day",0.518,0.681,11,-5.671,0,0.0783,0.694,0,0.12,0.467,171.837,"23yoROx1xoRASPelEarnZf","https://api.spotify.com/v1/audio-analysis/23yoROx1xoRASPelEarnZf",4,1,167441,TRUE,"https://api.spotify.com/v1/tracks/23yoROx1xoRASPelEarnZf",FALSE,"LA ULTIMA CANCIÓN","https://p.scdn.co/mp3-preview/624b8403eecb49088044b52dc64a6b3f3663a56c?cid=7a1d4f939a1f4e9989be940adaeb2999",12,"track","spotify:track:23yoROx1xoRASPelEarnZf","https://open.spotify.com/track/23yoROx1xoRASPelEarnZf","TRAPPii","B","minor","B minor"
"Jay Wheeler","2cPqdH7XMvwaBJEVjheH8g","1iggkqIrsfiO7RtEFGcaGr","album","2023-04-25",2023,"day",0.31,0.14,1,-11.859,0,0.0552,0.936,0.000297,0.0882,0.0443,84.992,"70oCkTauTPEVRDBzqhXqvn","https://api.spotify.com/v1/audio-analysis/70oCkTauTPEVRDBzqhXqvn",4,1,137931,TRUE,"https://api.spotify.com/v1/tracks/70oCkTauTPEVRDBzqhXqvn",FALSE,"Intro","https://p.scdn.co/mp3-preview/33a851285867cf4088ad7be9c78619b4e4424f98?cid=7a1d4f939a1f4e9989be940adaeb2999",1,"track","spotify:track:70oCkTauTPEVRDBzqhXqvn","https://open.spotify.com/track/70oCkTauTPEVRDBzqhXqvn","Emociones 1.5","C#","minor","C# minor"
"Jay Wheeler","2cPqdH7XMvwaBJEVjheH8g","1iggkqIrsfiO7RtEFGcaGr","album","2023-04-25",2023,"day",0.594,0.244,2,-10.62,0,0.078,0.903,0,0.132,0.608,144.829,"6xAARuLFMtSZhhFERpB7vC","https://api.spotify.com/v1/audio-analysis/6xAARuLFMtSZhhFERpB7vC",4,1,231724,FALSE,"https://api.spotify.com/v1/tracks/6xAARuLFMtSZhhFERpB7vC",FALSE,"Te La Dedico","https://p.scdn.co/mp3-preview/789b62149ebe87abba58f17d0615589c4748a157?cid=7a1d4f939a1f4e9989be940adaeb2999",2,"track","spotify:track:6xAARuLFMtSZhhFERpB7vC","https://open.spotify.com/track/6xAARuLFMtSZhhFERpB7vC","Emociones 1.5","D","minor","D minor"
"Jay Wheeler","2cPqdH7XMvwaBJEVjheH8g","1iggkqIrsfiO7RtEFGcaGr","album","2023-04-25",2023,"day",0.639,0.191,9,-10.189,1,0.0376,0.912,0.00164,0.0891,0.266,130.972,"6n5BIf9331XqAxDZXOZn05","https://api.spotify.com/v1/audio-analysis/6n5BIf9331XqAxDZXOZn05",4,1,150229,TRUE,"https://api.spotify.com/v1/tracks/6n5BIf9331XqAxDZXOZn05",FALSE,"For You","https://p.scdn.co/mp3-preview/a26751e2decfebb6c46f4f828393cb7d5d4a6a91?cid=7a1d4f939a1f4e9989be940adaeb2999",3,"track","spotify:track:6n5BIf9331XqAxDZXOZn05","https://open.spotify.com/track/6n5BIf9331XqAxDZXOZn05","Emociones 1.5","A","major","A major"
"Jay Wheeler","2cPqdH7XMvwaBJEVjheH8g","1iggkqIrsfiO7RtEFGcaGr","album","2023-04-25",2023,"day",0.861,0.477,8,-7.985,0,0.238,0.712,2.38e-06,0.117,0.372,102.08,"1cWftoEjY4sHaP0O5T4g3N","https://api.spotify.com/v1/audio-analysis/1cWftoEjY4sHaP0O5T4g3N",4,1,180588,TRUE,"https://api.spotify.com/v1/tracks/1cWftoEjY4sHaP0O5T4g3N",FALSE,"Xexo","https://p.scdn.co/mp3-preview/24d843f16dba863f69dcf3b79eb1ef5393a42687?cid=7a1d4f939a1f4e9989be940adaeb2999",4,"track","spotify:track:1cWftoEjY4sHaP0O5T4g3N","https://open.spotify.com/track/1cWftoEjY4sHaP0O5T4g3N","Emociones 1.5","G#","minor","G# minor"
"Jay Wheeler","2cPqdH7XMvwaBJEVjheH8g","1iggkqIrsfiO7RtEFGcaGr","album","2023-04-25",2023,"day",0.693,0.548,3,-9.485,0,0.285,0.474,0.162,0.0956,0.403,120.071,"1UsH7BGRywbF5iJBASNpdx","https://api.spotify.com/v1/audio-analysis/1UsH7BGRywbF5iJBASNpdx",4,1,232600,TRUE,"https://api.spotify.com/v1/tracks/1UsH7BGRywbF5iJBASNpdx",FALSE,"Trampa","https://p.scdn.co/mp3-preview/01c66e00d453a256b9d57fc30693264cb5d6062a?cid=7a1d4f939a1f4e9989be940adaeb2999",5,"track","spotify:track:1UsH7BGRywbF5iJBASNpdx","https://open.spotify.com/track/1UsH7BGRywbF5iJBASNpdx","Emociones 1.5","D#","minor","D# minor"
"Jay Wheeler","2cPqdH7XMvwaBJEVjheH8g","1iggkqIrsfiO7RtEFGcaGr","album","2023-04-25",2023,"day",0.846,0.422,8,-7.999,0,0.332,0.372,1.24e-06,0.0853,0.561,92.013,"2whW1Q8KTOODkGDakLZa6V","https://api.spotify.com/v1/audio-analysis/2whW1Q8KTOODkGDakLZa6V",4,1,284021,TRUE,"https://api.spotify.com/v1/tracks/2whW1Q8KTOODkGDakLZa6V",FALSE,"Pacto (feat. Luar La L)","https://p.scdn.co/mp3-preview/9ee69de0ba45becf11adf08e86c1c1998b8644c9?cid=7a1d4f939a1f4e9989be940adaeb2999",6,"track","spotify:track:2whW1Q8KTOODkGDakLZa6V","https://open.spotify.com/track/2whW1Q8KTOODkGDakLZa6V","Emociones 1.5","G#","minor","G# minor"
"Jay Wheeler","2cPqdH7XMvwaBJEVjheH8g","1iggkqIrsfiO7RtEFGcaGr","album","2023-04-25",2023,"day",0.474,0.553,7,-8.068,0,0.0466,0.0617,4.43e-05,0.0924,0.343,168.138,"26p68PG4mrL9tXpan62sv6","https://api.spotify.com/v1/audio-analysis/26p68PG4mrL9tXpan62sv6",4,1,182857,TRUE,"https://api.spotify.com/v1/tracks/26p68PG4mrL9tXpan62sv6",FALSE,"SOS","https://p.scdn.co/mp3-preview/ad6a86f1629ff32c0c841f06acba72cf1191d930?cid=7a1d4f939a1f4e9989be940adaeb2999",7,"track","spotify:track:26p68PG4mrL9tXpan62sv6","https://open.spotify.com/track/26p68PG4mrL9tXpan62sv6","Emociones 1.5","G","minor","G minor"
"Jay Wheeler","2cPqdH7XMvwaBJEVjheH8g","1iggkqIrsfiO7RtEFGcaGr","album","2023-04-25",2023,"day",0.737,0.825,1,-6.12,0,0.236,0.301,0,0.396,0.617,164.037,"7p6kZqTJHRSW7cjeoTtNuo","https://api.spotify.com/v1/audio-analysis/7p6kZqTJHRSW7cjeoTtNuo",4,1,216585,TRUE,"https://api.spotify.com/v1/tracks/7p6kZqTJHRSW7cjeoTtNuo",FALSE,"Corazón Roto","https://p.scdn.co/mp3-preview/75b3dda48d67c3d21e00a8223fbe231f41ef5d85?cid=7a1d4f939a1f4e9989be940adaeb2999",8,"track","spotify:track:7p6kZqTJHRSW7cjeoTtNuo","https://open.spotify.com/track/7p6kZqTJHRSW7cjeoTtNuo","Emociones 1.5","C#","minor","C# minor"
"Jay Wheeler","2cPqdH7XMvwaBJEVjheH8g","1iggkqIrsfiO7RtEFGcaGr","album","2023-04-25",2023,"day",0.534,0.21,1,-10.142,0,0.0708,0.84,0,0.106,0.451,119.802,"2TiO6rZsRl1qIeI2Aif2lL","https://api.spotify.com/v1/audio-analysis/2TiO6rZsRl1qIeI2Aif2lL",4,1,168500,TRUE,"https://api.spotify.com/v1/tracks/2TiO6rZsRl1qIeI2Aif2lL",FALSE,"2022","https://p.scdn.co/mp3-preview/c439bae474a6cccd59e9673ad56824f4a9e15ec0?cid=7a1d4f939a1f4e9989be940adaeb2999",9,"track","spotify:track:2TiO6rZsRl1qIeI2Aif2lL","https://open.spotify.com/track/2TiO6rZsRl1qIeI2Aif2lL","Emociones 1.5","C#","minor","C# minor"
"Jay Wheeler","2cPqdH7XMvwaBJEVjheH8g","5qq7QrnwC09xndOY2J1HtP","album","2023-01-06",2023,"day",0.613,0.177,4,-14.68,1,0.0378,0.867,3.96e-06,0.279,0.413,80.162,"1iWiQazh1JbINIyZsrh6pZ","https://api.spotify.com/v1/audio-analysis/1iWiQazh1JbINIyZsrh6pZ",4,1,175006,FALSE,"https://api.spotify.com/v1/tracks/1iWiQazh1JbINIyZsrh6pZ",FALSE,"Canción Para Mi Ex - Acústico En Vivo","https://p.scdn.co/mp3-preview/7689f0daa4c5f74df6d81b46303dd3c65380d193?cid=7a1d4f939a1f4e9989be940adaeb2999",1,"track","spotify:track:1iWiQazh1JbINIyZsrh6pZ","https://open.spotify.com/track/1iWiQazh1JbINIyZsrh6pZ","Jay Wheeler En Vivo","E","major","E major"
"Jay Wheeler","2cPqdH7XMvwaBJEVjheH8g","5qq7QrnwC09xndOY2J1HtP","album","2023-01-06",2023,"day",0.651,0.223,5,-13.932,0,0.0602,0.907,0,0.766,0.32,110.216,"1B59KbrxuVs3LnbKSLXilw","https://api.spotify.com/v1/audio-analysis/1B59KbrxuVs3LnbKSLXilw",4,1,192536,FALSE,"https://api.spotify.com/v1/tracks/1B59KbrxuVs3LnbKSLXilw",FALSE,"La Canción Más Triste - Acústico En Vivo","https://p.scdn.co/mp3-preview/b92aeaf4a8c814cae70f0024b2acc5758dda4466?cid=7a1d4f939a1f4e9989be940adaeb2999",2,"track","spotify:track:1B59KbrxuVs3LnbKSLXilw","https://open.spotify.com/track/1B59KbrxuVs3LnbKSLXilw","Jay Wheeler En Vivo","F","minor","F minor"
"Jay Wheeler","2cPqdH7XMvwaBJEVjheH8g","5qq7QrnwC09xndOY2J1HtP","album","2023-01-06",2023,"day",0.535,0.272,11,-12.01,1,0.0978,0.872,0,0.183,0.443,180.058,"6Pz4HMCGWWDGFRBk9qahW6","https://api.spotify.com/v1/audio-analysis/6Pz4HMCGWWDGFRBk9qahW6",4,1,265500,FALSE,"https://api.spotify.com/v1/tracks/6Pz4HMCGWWDGFRBk9qahW6",FALSE,"¿Quién Carajo? - Acústico En Vivo","https://p.scdn.co/mp3-preview/976387b613121371f0b9a730043f3bbe0b718bbb?cid=7a1d4f939a1f4e9989be940adaeb2999",3,"track","spotify:track:6Pz4HMCGWWDGFRBk9qahW6","https://open.spotify.com/track/6Pz4HMCGWWDGFRBk9qahW6","Jay Wheeler En Vivo","B","major","B major"
"Jay Wheeler","2cPqdH7XMvwaBJEVjheH8g","5qq7QrnwC09xndOY2J1HtP","album","2023-01-06",2023,"day",0.659,0.258,9,-13.601,1,0.05,0.901,0,0.696,0.38,125.792,"5LM1ijbBF8YXAqQl2PfkfF","https://api.spotify.com/v1/audio-analysis/5LM1ijbBF8YXAqQl2PfkfF",4,1,186859,FALSE,"https://api.spotify.com/v1/tracks/5LM1ijbBF8YXAqQl2PfkfF",FALSE,"Antes - Acústico En Vivo","https://p.scdn.co/mp3-preview/a259fd0cbbd80f2aa46351f5ac82ed5e94bbbaa7?cid=7a1d4f939a1f4e9989be940adaeb2999",4,"track","spotify:track:5LM1ijbBF8YXAqQl2PfkfF","https://open.spotify.com/track/5LM1ijbBF8YXAqQl2PfkfF","Jay Wheeler En Vivo","A","major","A major"
"Jay Wheeler","2cPqdH7XMvwaBJEVjheH8g","5qq7QrnwC09xndOY2J1HtP","album","2023-01-06",2023,"day",0.713,0.173,6,-13.742,1,0.0449,0.928,0,0.138,0.391,91.755,"78Y4SRQujWqXDyka8gRcwQ","https://api.spotify.com/v1/audio-analysis/78Y4SRQujWqXDyka8gRcwQ",4,1,172599,FALSE,"https://api.spotify.com/v1/tracks/78Y4SRQujWqXDyka8gRcwQ",FALSE,"Máquina del Tiempo - Acústico En Vivo","https://p.scdn.co/mp3-preview/36a27b6b966cd9bdeaacef03d06c588e60c9f3f1?cid=7a1d4f939a1f4e9989be940adaeb2999",5,"track","spotify:track:78Y4SRQujWqXDyka8gRcwQ","https://open.spotify.com/track/78Y4SRQujWqXDyka8gRcwQ","Jay Wheeler En Vivo","F#","major","F# major"
"Jay Wheeler","2cPqdH7XMvwaBJEVjheH8g","5qq7QrnwC09xndOY2J1HtP","album","2023-01-06",2023,"day",0.566,0.28,5,-12.985,1,0.162,0.854,0,0.238,0.551,175.665,"2cgwwYlMjSFarvw00ZzPtK","https://api.spotify.com/v1/audio-analysis/2cgwwYlMjSFarvw00ZzPtK",4,1,189545,FALSE,"https://api.spotify.com/v1/tracks/2cgwwYlMjSFarvw00ZzPtK",FALSE,"La Que Me Hizo Llorar - Acústico En Vivo","https://p.scdn.co/mp3-preview/de44ec5f8289230528f093467d919a8e42f10bdc?cid=7a1d4f939a1f4e9989be940adaeb2999",6,"track","spotify:track:2cgwwYlMjSFarvw00ZzPtK","https://open.spotify.com/track/2cgwwYlMjSFarvw00ZzPtK","Jay Wheeler En Vivo","F","major","F major"
"Jay Wheeler","2cPqdH7XMvwaBJEVjheH8g","5qq7QrnwC09xndOY2J1HtP","album","2023-01-06",2023,"day",0.5,0.131,5,-14.817,1,0.0434,0.889,0,0.688,0.429,180.129,"4qYCOGf5GAfl5vMtfOPdtX","https://api.spotify.com/v1/audio-analysis/4qYCOGf5GAfl5vMtfOPdtX",4,1,225323,FALSE,"https://api.spotify.com/v1/tracks/4qYCOGf5GAfl5vMtfOPdtX",FALSE,"EaZt - Acústico En Vivo","https://p.scdn.co/mp3-preview/e00cef571b08204fb476b0d9819c41e0a46bbae1?cid=7a1d4f939a1f4e9989be940adaeb2999",7,"track","spotify:track:4qYCOGf5GAfl5vMtfOPdtX","https://open.spotify.com/track/4qYCOGf5GAfl5vMtfOPdtX","Jay Wheeler En Vivo","F","major","F major"
"Jay Wheeler","2cPqdH7XMvwaBJEVjheH8g","5qq7QrnwC09xndOY2J1HtP","album","2023-01-06",2023,"day",0.557,0.227,10,-13.738,1,0.0336,0.867,0,0.34,0.271,144.146,"3biX23rhu5HGZFzpibmK5h","https://api.spotify.com/v1/audio-analysis/3biX23rhu5HGZFzpibmK5h",4,1,290031,FALSE,"https://api.spotify.com/v1/tracks/3biX23rhu5HGZFzpibmK5h",FALSE,"Dicelo - Acústico En Vivo","https://p.scdn.co/mp3-preview/ff60430f312c4db821b16b4855e1ac5a8c961610?cid=7a1d4f939a1f4e9989be940adaeb2999",8,"track","spotify:track:3biX23rhu5HGZFzpibmK5h","https://open.spotify.com/track/3biX23rhu5HGZFzpibmK5h","Jay Wheeler En Vivo","A#","major","A# major"
"Jay Wheeler","2cPqdH7XMvwaBJEVjheH8g","4we3WMZMCvKmk6jfGe6t4t","album","2022-08-19",2022,"day",0.927,0.551,1,-7.704,1,0.0986,0.123,0.00269,0.115,0.304,119.982,"2UieOcTk0Kl4bzLVBW4oVj","https://api.spotify.com/v1/audio-analysis/2UieOcTk0Kl4bzLVBW4oVj",4,1,213000,TRUE,"https://api.spotify.com/v1/tracks/2UieOcTk0Kl4bzLVBW4oVj",FALSE,"No Confío","https://p.scdn.co/mp3-preview/eb15ce16a27071a0117cd2ef9c21fc41fd653826?cid=7a1d4f939a1f4e9989be940adaeb2999",1,"track","spotify:track:2UieOcTk0Kl4bzLVBW4oVj","https://open.spotify.com/track/2UieOcTk0Kl4bzLVBW4oVj","Emociones","C#","major","C# major"
"Jay Wheeler","2cPqdH7XMvwaBJEVjheH8g","4we3WMZMCvKmk6jfGe6t4t","album","2022-08-19",2022,"day",0.706,0.635,2,-8.671,1,0.428,0.702,8.24e-06,0.105,0.517,171.992,"1OMiCWzd7aJULShkkH6Dtn","https://api.spotify.com/v1/audio-analysis/1OMiCWzd7aJULShkkH6Dtn",4,1,185581,TRUE,"https://api.spotify.com/v1/tracks/1OMiCWzd7aJULShkkH6Dtn",FALSE,"Once:Once","https://p.scdn.co/mp3-preview/ae36c37bd60c678256a56bd7b30d2f9b40d49423?cid=7a1d4f939a1f4e9989be940adaeb2999",2,"track","spotify:track:1OMiCWzd7aJULShkkH6Dtn","https://open.spotify.com/track/1OMiCWzd7aJULShkkH6Dtn","Emociones","D","major","D major"
"Jay Wheeler","2cPqdH7XMvwaBJEVjheH8g","4we3WMZMCvKmk6jfGe6t4t","album","2022-08-19",2022,"day",0.723,0.443,2,-9.909,1,0.439,0.715,0.0159,0.107,0.282,168.003,"7co0Cq8pS4hCTDydkMGHus","https://api.spotify.com/v1/audio-analysis/7co0Cq8pS4hCTDydkMGHus",4,1,150000,TRUE,"https://api.spotify.com/v1/tracks/7co0Cq8pS4hCTDydkMGHus",FALSE,"Dónde estás?","https://p.scdn.co/mp3-preview/bf76480719337b85f26b69d0eeda7a6ddf5fb045?cid=7a1d4f939a1f4e9989be940adaeb2999",3,"track","spotify:track:7co0Cq8pS4hCTDydkMGHus","https://open.spotify.com/track/7co0Cq8pS4hCTDydkMGHus","Emociones","D","major","D major"
"Jay Wheeler","2cPqdH7XMvwaBJEVjheH8g","4we3WMZMCvKmk6jfGe6t4t","album","2022-08-19",2022,"day",0.859,0.553,9,-5.726,0,0.0456,0.628,0.00011,0.109,0.338,122.048,"5LitdykQszEnuzIrtGhwPs","https://api.spotify.com/v1/audio-analysis/5LitdykQszEnuzIrtGhwPs",4,1,243934,FALSE,"https://api.spotify.com/v1/tracks/5LitdykQszEnuzIrtGhwPs",FALSE,"Suelta","https://p.scdn.co/mp3-preview/325debcef78ae18679ba0196c5fca30df42656ac?cid=7a1d4f939a1f4e9989be940adaeb2999",4,"track","spotify:track:5LitdykQszEnuzIrtGhwPs","https://open.spotify.com/track/5LitdykQszEnuzIrtGhwPs","Emociones","A","minor","A minor"
"Jay Wheeler","2cPqdH7XMvwaBJEVjheH8g","4we3WMZMCvKmk6jfGe6t4t","album","2022-08-19",2022,"day",0.824,0.625,6,-9.986,0,0.189,0.41,0.000817,0.104,0.547,135.002,"6A0bislYWHSP6fWvUnz7WR","https://api.spotify.com/v1/audio-analysis/6A0bislYWHSP6fWvUnz7WR",4,1,234666,FALSE,"https://api.spotify.com/v1/tracks/6A0bislYWHSP6fWvUnz7WR",FALSE,"Ese K","https://p.scdn.co/mp3-preview/b3a5dc88f5b08f54db15333674c334d3c9be9e51?cid=7a1d4f939a1f4e9989be940adaeb2999",5,"track","spotify:track:6A0bislYWHSP6fWvUnz7WR","https://open.spotify.com/track/6A0bislYWHSP6fWvUnz7WR","Emociones","F#","minor","F# minor"
"Jay Wheeler","2cPqdH7XMvwaBJEVjheH8g","4we3WMZMCvKmk6jfGe6t4t","album","2022-08-19",2022,"day",0.643,0.43,9,-9.313,0,0.113,0.461,0,0.0922,0.487,171.919,"68LEwHyhEyxu2tcaOP9OaQ","https://api.spotify.com/v1/audio-analysis/68LEwHyhEyxu2tcaOP9OaQ",4,1,173000,TRUE,"https://api.spotify.com/v1/tracks/68LEwHyhEyxu2tcaOP9OaQ",FALSE,"Sin Censura","https://p.scdn.co/mp3-preview/e7be9520ce718ada82a98bf2010c0f44ccf8f694?cid=7a1d4f939a1f4e9989be940adaeb2999",6,"track","spotify:track:68LEwHyhEyxu2tcaOP9OaQ","https://open.spotify.com/track/68LEwHyhEyxu2tcaOP9OaQ","Emociones","A","minor","A minor"
"Jay Wheeler","2cPqdH7XMvwaBJEVjheH8g","4we3WMZMCvKmk6jfGe6t4t","album","2022-08-19",2022,"day",0.794,0.449,9,-9.655,0,0.0535,0.589,0,0.0818,0.363,97.976,"4v4eol181FuxBtChpbw5ow","https://api.spotify.com/v1/audio-analysis/4v4eol181FuxBtChpbw5ow",4,1,147000,TRUE,"https://api.spotify.com/v1/tracks/4v4eol181FuxBtChpbw5ow",FALSE,"50 Citas","https://p.scdn.co/mp3-preview/313ce6f0dfc87da70a59fe59aac830babd5a41f7?cid=7a1d4f939a1f4e9989be940adaeb2999",7,"track","spotify:track:4v4eol181FuxBtChpbw5ow","https://open.spotify.com/track/4v4eol181FuxBtChpbw5ow","Emociones","A","minor","A minor"
"Jay Wheeler","2cPqdH7XMvwaBJEVjheH8g","4we3WMZMCvKmk6jfGe6t4t","album","2022-08-19",2022,"day",0.379,0.258,10,-11.088,1,0.0398,0.841,0,0.107,0.489,153.313,"0yFNk7ZdaaJrJhzFwTNfLh","https://api.spotify.com/v1/audio-analysis/0yFNk7ZdaaJrJhzFwTNfLh",4,1,240000,TRUE,"https://api.spotify.com/v1/tracks/0yFNk7ZdaaJrJhzFwTNfLh",FALSE,"Dicelo","https://p.scdn.co/mp3-preview/7551d82356cb0f51071c4e61482ee9132acfa114?cid=7a1d4f939a1f4e9989be940adaeb2999",8,"track","spotify:track:0yFNk7ZdaaJrJhzFwTNfLh","https://open.spotify.com/track/0yFNk7ZdaaJrJhzFwTNfLh","Emociones","A#","major","A# major"
"Jay Wheeler","2cPqdH7XMvwaBJEVjheH8g","4we3WMZMCvKmk6jfGe6t4t","album","2022-08-19",2022,"day",0.749,0.441,5,-9.092,1,0.0309,0.392,5.47e-06,0.108,0.169,108.956,"2SCut96nYkCgrcNBy6gb4A","https://api.spotify.com/v1/audio-analysis/2SCut96nYkCgrcNBy6gb4A",4,1,181651,TRUE,"https://api.spotify.com/v1/tracks/2SCut96nYkCgrcNBy6gb4A",FALSE,"Cero G","https://p.scdn.co/mp3-preview/a279c87dbfba02ee40682909460b48bca641dd9d?cid=7a1d4f939a1f4e9989be940adaeb2999",9,"track","spotify:track:2SCut96nYkCgrcNBy6gb4A","https://open.spotify.com/track/2SCut96nYkCgrcNBy6gb4A","Emociones","F","major","F major"
"Jay Wheeler","2cPqdH7XMvwaBJEVjheH8g","4we3WMZMCvKmk6jfGe6t4t","album","2022-08-19",2022,"day",0.831,0.499,5,-7.686,0,0.0484,0.243,6.4e-05,0.0855,0.341,100.031,"0OLLQD6ujaoOWnO6AbjV9W","https://api.spotify.com/v1/audio-analysis/0OLLQD6ujaoOWnO6AbjV9W",4,1,240000,TRUE,"https://api.spotify.com/v1/tracks/0OLLQD6ujaoOWnO6AbjV9W",FALSE,"Carro Nuevo","https://p.scdn.co/mp3-preview/8e825d4c11e33c724d25a46be663051c4a88e262?cid=7a1d4f939a1f4e9989be940adaeb2999",10,"track","spotify:track:0OLLQD6ujaoOWnO6AbjV9W","https://open.spotify.com/track/0OLLQD6ujaoOWnO6AbjV9W","Emociones","F","minor","F minor"
"Jay Wheeler","2cPqdH7XMvwaBJEVjheH8g","4we3WMZMCvKmk6jfGe6t4t","album","2022-08-19",2022,"day",0.794,0.501,10,-8.659,1,0.127,0.193,0.000684,0.0845,0.827,167.955,"7yEClZTRRN1Ti4YfMkyOkG","https://api.spotify.com/v1/audio-analysis/7yEClZTRRN1Ti4YfMkyOkG",4,1,168503,TRUE,"https://api.spotify.com/v1/tracks/7yEClZTRRN1Ti4YfMkyOkG",FALSE,"Peligrando","https://p.scdn.co/mp3-preview/a77700685a3419d537e9d01c6738a542d337aab4?cid=7a1d4f939a1f4e9989be940adaeb2999",11,"track","spotify:track:7yEClZTRRN1Ti4YfMkyOkG","https://open.spotify.com/track/7yEClZTRRN1Ti4YfMkyOkG","Emociones","A#","major","A# major"
"Jay Wheeler","2cPqdH7XMvwaBJEVjheH8g","4we3WMZMCvKmk6jfGe6t4t","album","2022-08-19",2022,"day",0.79,0.494,2,-8.767,1,0.101,0.107,2.45e-05,0.0794,0.467,87.993,"1QDXGLJaZKFYLSCk6MM1rn","https://api.spotify.com/v1/audio-analysis/1QDXGLJaZKFYLSCk6MM1rn",4,1,182000,TRUE,"https://api.spotify.com/v1/tracks/1QDXGLJaZKFYLSCk6MM1rn",FALSE,"Caracol","https://p.scdn.co/mp3-preview/1431d187971180064764a7daa058c5208f9de85e?cid=7a1d4f939a1f4e9989be940adaeb2999",12,"track","spotify:track:1QDXGLJaZKFYLSCk6MM1rn","https://open.spotify.com/track/1QDXGLJaZKFYLSCk6MM1rn","Emociones","D","major","D major"
"Jay Wheeler","2cPqdH7XMvwaBJEVjheH8g","4we3WMZMCvKmk6jfGe6t4t","album","2022-08-19",2022,"day",0.611,0.503,3,-9.435,0,0.217,0.834,0,0.108,0.221,166.042,"0rQv29gK4jSBbU9pcmfODP","https://api.spotify.com/v1/audio-analysis/0rQv29gK4jSBbU9pcmfODP",4,1,177000,TRUE,"https://api.spotify.com/v1/tracks/0rQv29gK4jSBbU9pcmfODP",FALSE,"Ruido","https://p.scdn.co/mp3-preview/13085ee71d906c76750fcad8845026a6e74dbb0b?cid=7a1d4f939a1f4e9989be940adaeb2999",13,"track","spotify:track:0rQv29gK4jSBbU9pcmfODP","https://open.spotify.com/track/0rQv29gK4jSBbU9pcmfODP","Emociones","D#","minor","D# minor"
"Jay Wheeler","2cPqdH7XMvwaBJEVjheH8g","4we3WMZMCvKmk6jfGe6t4t","album","2022-08-19",2022,"day",0.733,0.29,2,-13.28,0,0.0815,0.852,0.000935,0.0871,0.359,114.979,"7w4TLIDPi70v4Gvjt0Spou","https://api.spotify.com/v1/audio-analysis/7w4TLIDPi70v4Gvjt0Spou",4,1,204000,TRUE,"https://api.spotify.com/v1/tracks/7w4TLIDPi70v4Gvjt0Spou",FALSE,"Trago Amargo","https://p.scdn.co/mp3-preview/6e3362b8e81f8bb12ec976906922724791a123bc?cid=7a1d4f939a1f4e9989be940adaeb2999",14,"track","spotify:track:7w4TLIDPi70v4Gvjt0Spou","https://open.spotify.com/track/7w4TLIDPi70v4Gvjt0Spou","Emociones","D","minor","D minor"
"Jay Wheeler","2cPqdH7XMvwaBJEVjheH8g","4we3WMZMCvKmk6jfGe6t4t","album","2022-08-19",2022,"day",0.507,0.439,6,-10.163,1,0.386,0.624,0,0.19,0.802,65.446,"5t6UBpXAfLMxVdxuOkvmX7","https://api.spotify.com/v1/audio-analysis/5t6UBpXAfLMxVdxuOkvmX7",3,1,148000,TRUE,"https://api.spotify.com/v1/tracks/5t6UBpXAfLMxVdxuOkvmX7",FALSE,"Delito","https://p.scdn.co/mp3-preview/942c8389365832b2f86b5c1c95c2db59b41a4673?cid=7a1d4f939a1f4e9989be940adaeb2999",15,"track","spotify:track:5t6UBpXAfLMxVdxuOkvmX7","https://open.spotify.com/track/5t6UBpXAfLMxVdxuOkvmX7","Emociones","F#","major","F# major"
"Jay Wheeler","2cPqdH7XMvwaBJEVjheH8g","4we3WMZMCvKmk6jfGe6t4t","album","2022-08-19",2022,"day",0.842,0.417,11,-6.782,1,0.22,0.31,0,0.089,0.562,94.016,"36YVCCPC3oagSaOJSgUCEC","https://api.spotify.com/v1/audio-analysis/36YVCCPC3oagSaOJSgUCEC",4,1,191212,TRUE,"https://api.spotify.com/v1/tracks/36YVCCPC3oagSaOJSgUCEC",FALSE,"Borracho","https://p.scdn.co/mp3-preview/5bfa117060978d92b4ae8382301073fe712d5f4b?cid=7a1d4f939a1f4e9989be940adaeb2999",16,"track","spotify:track:36YVCCPC3oagSaOJSgUCEC","https://open.spotify.com/track/36YVCCPC3oagSaOJSgUCEC","Emociones","B","major","B major"
"Jay Wheeler","2cPqdH7XMvwaBJEVjheH8g","4we3WMZMCvKmk6jfGe6t4t","album","2022-08-19",2022,"day",0.55,0.289,6,-12.51,1,0.0415,0.94,0.00012,0.116,0.753,133.375,"3iCd5OV3VsRHgMldpCX7Vw","https://api.spotify.com/v1/audio-analysis/3iCd5OV3VsRHgMldpCX7Vw",5,1,182400,TRUE,"https://api.spotify.com/v1/tracks/3iCd5OV3VsRHgMldpCX7Vw",FALSE,"Máquina del Tiempo","https://p.scdn.co/mp3-preview/9204a909bda1063ade86dd47a748644bdca99f93?cid=7a1d4f939a1f4e9989be940adaeb2999",17,"track","spotify:track:3iCd5OV3VsRHgMldpCX7Vw","https://open.spotify.com/track/3iCd5OV3VsRHgMldpCX7Vw","Emociones","F#","major","F# major"
"Jay Wheeler","2cPqdH7XMvwaBJEVjheH8g","4we3WMZMCvKmk6jfGe6t4t","album","2022-08-19",2022,"day",0.418,0.359,2,-11.45,1,0.0371,0.889,0,0.0634,0.396,86.721,"2VF8TTWczzupwrhtsQfx48","https://api.spotify.com/v1/audio-analysis/2VF8TTWczzupwrhtsQfx48",4,1,182724,TRUE,"https://api.spotify.com/v1/tracks/2VF8TTWczzupwrhtsQfx48",FALSE,"Lugar Seguro","https://p.scdn.co/mp3-preview/16e36454188a0aab95e673d20077d640e27f855e?cid=7a1d4f939a1f4e9989be940adaeb2999",18,"track","spotify:track:2VF8TTWczzupwrhtsQfx48","https://open.spotify.com/track/2VF8TTWczzupwrhtsQfx48","Emociones","D","major","D major"
"Jay Wheeler","2cPqdH7XMvwaBJEVjheH8g","4we3WMZMCvKmk6jfGe6t4t","album","2022-08-19",2022,"day",0.815,0.621,7,-7.707,1,0.353,0.33,5.75e-05,0.114,0.625,176.084,"5dEGM9DgDxN7igOKhhH9zp","https://api.spotify.com/v1/audio-analysis/5dEGM9DgDxN7igOKhhH9zp",4,1,163636,TRUE,"https://api.spotify.com/v1/tracks/5dEGM9DgDxN7igOKhhH9zp",FALSE,"Hacia Ti","https://p.scdn.co/mp3-preview/7067aec54699f0ac6b8ad2a9f1080934c44684b7?cid=7a1d4f939a1f4e9989be940adaeb2999",19,"track","spotify:track:5dEGM9DgDxN7igOKhhH9zp","https://open.spotify.com/track/5dEGM9DgDxN7igOKhhH9zp","Emociones","G","major","G major"
"Jay Wheeler","2cPqdH7XMvwaBJEVjheH8g","0SoLGv62pYVM9w254yM8lf","album","2022-02-11",2022,"day",0.759,0.228,5,-9.111,1,0.0515,0.845,3.1e-05,0.108,0.874,170.057,"1GVt9p2SbrTcBFEWrfX2LG","https://api.spotify.com/v1/audio-analysis/1GVt9p2SbrTcBFEWrfX2LG",4,1,212464,FALSE,"https://api.spotify.com/v1/tracks/1GVt9p2SbrTcBFEWrfX2LG",FALSE,"Carita Triste","https://p.scdn.co/mp3-preview/cc376d1c55fcd9fd7b968068ebfca8678db637f2?cid=7a1d4f939a1f4e9989be940adaeb2999",1,"track","spotify:track:1GVt9p2SbrTcBFEWrfX2LG","https://open.spotify.com/track/1GVt9p2SbrTcBFEWrfX2LG","El Amor y Yo","F","major","F major"
"Jay Wheeler","2cPqdH7XMvwaBJEVjheH8g","0SoLGv62pYVM9w254yM8lf","album","2022-02-11",2022,"day",0.49,0.272,4,-10.539,1,0.27,0.655,0.00363,0.0943,0.113,176.035,"4I15CRYk0tzJOYAqRwZ1BS","https://api.spotify.com/v1/audio-analysis/4I15CRYk0tzJOYAqRwZ1BS",4,1,207272,FALSE,"https://api.spotify.com/v1/tracks/4I15CRYk0tzJOYAqRwZ1BS",FALSE,"Canción Para Mi Ex","https://p.scdn.co/mp3-preview/454d39afd8cf8d1af4b203d14b613ca1f6e6bac9?cid=7a1d4f939a1f4e9989be940adaeb2999",2,"track","spotify:track:4I15CRYk0tzJOYAqRwZ1BS","https://open.spotify.com/track/4I15CRYk0tzJOYAqRwZ1BS","El Amor y Yo","E","major","E major"
"Jay Wheeler","2cPqdH7XMvwaBJEVjheH8g","0SoLGv62pYVM9w254yM8lf","album","2022-02-11",2022,"day",0.755,0.313,9,-7.857,1,0.0394,0.831,0.000228,0.12,0.407,126.037,"0YVTlk0LgDnzVJxXfU5tLO","https://api.spotify.com/v1/audio-analysis/0YVTlk0LgDnzVJxXfU5tLO",4,1,173387,FALSE,"https://api.spotify.com/v1/tracks/0YVTlk0LgDnzVJxXfU5tLO",FALSE,"Antes","https://p.scdn.co/mp3-preview/7ee2d3c646ef75ef5057785409f694686938e6f3?cid=7a1d4f939a1f4e9989be940adaeb2999",3,"track","spotify:track:0YVTlk0LgDnzVJxXfU5tLO","https://open.spotify.com/track/0YVTlk0LgDnzVJxXfU5tLO","El Amor y Yo","A","major","A major"
"Jay Wheeler","2cPqdH7XMvwaBJEVjheH8g","0SoLGv62pYVM9w254yM8lf","album","2022-02-11",2022,"day",0.668,0.149,5,-8.325,0,0.0903,0.864,0,0.197,0.508,110.02,"6wHVwwugg7Q2ZgoLsaNTd5","https://api.spotify.com/v1/audio-analysis/6wHVwwugg7Q2ZgoLsaNTd5",4,1,190155,FALSE,"https://api.spotify.com/v1/tracks/6wHVwwugg7Q2ZgoLsaNTd5",FALSE,"La Canción Mas Triste","https://p.scdn.co/mp3-preview/4fc94ee6ec6c243097998332cb7dc9cbe87af7fb?cid=7a1d4f939a1f4e9989be940adaeb2999",4,"track","spotify:track:6wHVwwugg7Q2ZgoLsaNTd5","https://open.spotify.com/track/6wHVwwugg7Q2ZgoLsaNTd5","El Amor y Yo","F","minor","F minor"
"Jay Wheeler","2cPqdH7XMvwaBJEVjheH8g","0SoLGv62pYVM9w254yM8lf","album","2022-02-11",2022,"day",0.649,0.553,11,-5.301,1,0.718,0.67,2.06e-06,0.0914,0.178,190.085,"0PHp9gW298RbUpcuj78Fqc","https://api.spotify.com/v1/audio-analysis/0PHp9gW298RbUpcuj78Fqc",4,1,267913,FALSE,"https://api.spotify.com/v1/tracks/0PHp9gW298RbUpcuj78Fqc",FALSE,"¿Quién Carajo?","https://p.scdn.co/mp3-preview/4bf095fe47338c38e1a6961bcf0765fbf7a20ca5?cid=7a1d4f939a1f4e9989be940adaeb2999",5,"track","spotify:track:0PHp9gW298RbUpcuj78Fqc","https://open.spotify.com/track/0PHp9gW298RbUpcuj78Fqc","El Amor y Yo","B","major","B major"
"Jay Wheeler","2cPqdH7XMvwaBJEVjheH8g","0SoLGv62pYVM9w254yM8lf","album","2022-02-11",2022,"day",0.53,0.231,5,-10.059,1,0.114,0.875,0,0.117,0.333,180.026,"3rEzO2Zj7srV4bK1Q07Cay","https://api.spotify.com/v1/audio-analysis/3rEzO2Zj7srV4bK1Q07Cay",4,1,216000,FALSE,"https://api.spotify.com/v1/tracks/3rEzO2Zj7srV4bK1Q07Cay",FALSE,"Eazt","https://p.scdn.co/mp3-preview/94162cd2535ae1fad76b7b9910ba01e30fa0376e?cid=7a1d4f939a1f4e9989be940adaeb2999",6,"track","spotify:track:3rEzO2Zj7srV4bK1Q07Cay","https://open.spotify.com/track/3rEzO2Zj7srV4bK1Q07Cay","El Amor y Yo","F","major","F major"
"Jay Wheeler","2cPqdH7XMvwaBJEVjheH8g","0SoLGv62pYVM9w254yM8lf","album","2022-02-11",2022,"day",0.726,0.609,5,-3.687,0,0.523,0.372,5.69e-06,0.129,0.35,179.732,"2xismjBOecrJI9aqBzGMep","https://api.spotify.com/v1/audio-analysis/2xismjBOecrJI9aqBzGMep",4,1,176010,FALSE,"https://api.spotify.com/v1/tracks/2xismjBOecrJI9aqBzGMep",FALSE,"Soñando Despierto","https://p.scdn.co/mp3-preview/ee606bea1941a817d6001c052de809396fd2daff?cid=7a1d4f939a1f4e9989be940adaeb2999",7,"track","spotify:track:2xismjBOecrJI9aqBzGMep","https://open.spotify.com/track/2xismjBOecrJI9aqBzGMep","El Amor y Yo","F","minor","F minor"
"Jay Wheeler","2cPqdH7XMvwaBJEVjheH8g","0SoLGv62pYVM9w254yM8lf","album","2022-02-11",2022,"day",0.902,0.465,5,-6.111,1,0.131,0.35,0,0.119,0.539,92.992,"3XrAeBg5NAWRqkqYclu4w7","https://api.spotify.com/v1/audio-analysis/3XrAeBg5NAWRqkqYclu4w7",4,1,200279,FALSE,"https://api.spotify.com/v1/tracks/3XrAeBg5NAWRqkqYclu4w7",FALSE,"Anda Sola","https://p.scdn.co/mp3-preview/c39afc4e72edbf2897f4717d3f283ab4f528367d?cid=7a1d4f939a1f4e9989be940adaeb2999",8,"track","spotify:track:3XrAeBg5NAWRqkqYclu4w7","https://open.spotify.com/track/3XrAeBg5NAWRqkqYclu4w7","El Amor y Yo","F","major","F major"
"Jay Wheeler","2cPqdH7XMvwaBJEVjheH8g","0SoLGv62pYVM9w254yM8lf","album","2022-02-11",2022,"day",0.779,0.62,9,-4.75,1,0.103,0.748,4.88e-05,0.116,0.392,81.983,"1R9OlUs0faa5I7kjvdJvt8","https://api.spotify.com/v1/audio-analysis/1R9OlUs0faa5I7kjvdJvt8",4,1,141951,FALSE,"https://api.spotify.com/v1/tracks/1R9OlUs0faa5I7kjvdJvt8",FALSE,"Pensando En Ti","https://p.scdn.co/mp3-preview/91630ce50d5601761148b9b3e32e033786b72891?cid=7a1d4f939a1f4e9989be940adaeb2999",9,"track","spotify:track:1R9OlUs0faa5I7kjvdJvt8","https://open.spotify.com/track/1R9OlUs0faa5I7kjvdJvt8","El Amor y Yo","A","major","A major"
"Jay Wheeler","2cPqdH7XMvwaBJEVjheH8g","0SoLGv62pYVM9w254yM8lf","album","2022-02-11",2022,"day",0.596,0.37,2,-7.506,1,0.273,0.44,0.000152,0.109,0.134,193.882,"17hl8eINxDCriCrUrVa3mN","https://api.spotify.com/v1/audio-analysis/17hl8eINxDCriCrUrVa3mN",4,1,200412,FALSE,"https://api.spotify.com/v1/tracks/17hl8eINxDCriCrUrVa3mN",FALSE,"Canción Para Ellas","https://p.scdn.co/mp3-preview/bf7673bb061ac48a409ae8fa8fb404ad0e886b45?cid=7a1d4f939a1f4e9989be940adaeb2999",10,"track","spotify:track:17hl8eINxDCriCrUrVa3mN","https://open.spotify.com/track/17hl8eINxDCriCrUrVa3mN","El Amor y Yo","D","major","D major"
"Jay Wheeler","2cPqdH7XMvwaBJEVjheH8g","0SoLGv62pYVM9w254yM8lf","album","2022-02-11",2022,"day",0.881,0.524,11,-8.955,0,0.185,0.177,4.94e-06,0.078,0.373,97.01,"4rXnC48NKyCzmtW9omA4rJ","https://api.spotify.com/v1/audio-analysis/4rXnC48NKyCzmtW9omA4rJ",4,1,202886,FALSE,"https://api.spotify.com/v1/tracks/4rXnC48NKyCzmtW9omA4rJ",FALSE,"Te Quiero Así","https://p.scdn.co/mp3-preview/d063ea477e85730eb52a054c3821b6ecb5d96144?cid=7a1d4f939a1f4e9989be940adaeb2999",11,"track","spotify:track:4rXnC48NKyCzmtW9omA4rJ","https://open.spotify.com/track/4rXnC48NKyCzmtW9omA4rJ","El Amor y Yo","B","minor","B minor"
"Jay Wheeler","2cPqdH7XMvwaBJEVjheH8g","0SoLGv62pYVM9w254yM8lf","album","2022-02-11",2022,"day",0.865,0.528,2,-3.861,0,0.0677,0.167,5.58e-06,0.114,0.474,89.989,"7hmzuGBH4jmbd7Cj1d6RWZ","https://api.spotify.com/v1/audio-analysis/7hmzuGBH4jmbd7Cj1d6RWZ",4,1,176046,FALSE,"https://api.spotify.com/v1/tracks/7hmzuGBH4jmbd7Cj1d6RWZ",FALSE,"Gracias Al Cielo","https://p.scdn.co/mp3-preview/0896e4f859f08a99eb1cc317abbff0dea4d2f54f?cid=7a1d4f939a1f4e9989be940adaeb2999",12,"track","spotify:track:7hmzuGBH4jmbd7Cj1d6RWZ","https://open.spotify.com/track/7hmzuGBH4jmbd7Cj1d6RWZ","El Amor y Yo","D","minor","D minor"
"Jay Wheeler","2cPqdH7XMvwaBJEVjheH8g","1GYQWPYnUhpVP2yJ4e8hFK","album","2022-01-12",2022,"day",0.903,0.458,5,-6.253,1,0.151,0.349,0,0.13,0.552,92.991,"2wyw4eQ2SfIYfm1vxCgYI0","https://api.spotify.com/v1/audio-analysis/2wyw4eQ2SfIYfm1vxCgYI0",4,1,200328,FALSE,"https://api.spotify.com/v1/tracks/2wyw4eQ2SfIYfm1vxCgYI0",FALSE,"Anda Sola","https://p.scdn.co/mp3-preview/6b965b07e6fb3c0f8abf224d2880ba9f691c8a6c?cid=7a1d4f939a1f4e9989be940adaeb2999",1,"track","spotify:track:2wyw4eQ2SfIYfm1vxCgYI0","https://open.spotify.com/track/2wyw4eQ2SfIYfm1vxCgYI0","De Mi Para Ti","F","major","F major"
"Jay Wheeler","2cPqdH7XMvwaBJEVjheH8g","1GYQWPYnUhpVP2yJ4e8hFK","album","2022-01-12",2022,"day",0.727,0.557,11,-6.008,0,0.223,0.28,0.000396,0.103,0.268,180.063,"1KVkcUbK8rJpDyO6n0H5t2","https://api.spotify.com/v1/audio-analysis/1KVkcUbK8rJpDyO6n0H5t2",4,1,188954,FALSE,"https://api.spotify.com/v1/tracks/1KVkcUbK8rJpDyO6n0H5t2",FALSE,"Viendo El Techo","https://p.scdn.co/mp3-preview/d78e4c919ae25599975ba5db7931c2360d501e00?cid=7a1d4f939a1f4e9989be940adaeb2999",2,"track","spotify:track:1KVkcUbK8rJpDyO6n0H5t2","https://open.spotify.com/track/1KVkcUbK8rJpDyO6n0H5t2","De Mi Para Ti","B","minor","B minor"
"Jay Wheeler","2cPqdH7XMvwaBJEVjheH8g","1GYQWPYnUhpVP2yJ4e8hFK","album","2022-01-12",2022,"day",0.78,0.581,10,-5.403,1,0.0767,0.178,0.00152,0.124,0.778,172.008,"2njMZdePJtV0sK0sAW35Oq","https://api.spotify.com/v1/audio-analysis/2njMZdePJtV0sK0sAW35Oq",4,1,192914,TRUE,"https://api.spotify.com/v1/tracks/2njMZdePJtV0sK0sAW35Oq",FALSE,"Dos Tragos","https://p.scdn.co/mp3-preview/41b916b6cbbd6b91223928353600f3d1dbd180f7?cid=7a1d4f939a1f4e9989be940adaeb2999",3,"track","spotify:track:2njMZdePJtV0sK0sAW35Oq","https://open.spotify.com/track/2njMZdePJtV0sK0sAW35Oq","De Mi Para Ti","A#","major","A# major"
"Jay Wheeler","2cPqdH7XMvwaBJEVjheH8g","1GYQWPYnUhpVP2yJ4e8hFK","album","2022-01-12",2022,"day",0.777,0.689,11,-4.773,0,0.17,0.277,0.000762,0.114,0.696,179.966,"2m2EUNDxXmFceJpyPaSfmA","https://api.spotify.com/v1/audio-analysis/2m2EUNDxXmFceJpyPaSfmA",4,1,219048,FALSE,"https://api.spotify.com/v1/tracks/2m2EUNDxXmFceJpyPaSfmA",FALSE,"La Curiosidad","https://p.scdn.co/mp3-preview/0aec2339eca36fa7397e566ac76d97aebb03dee5?cid=7a1d4f939a1f4e9989be940adaeb2999",4,"track","spotify:track:2m2EUNDxXmFceJpyPaSfmA","https://open.spotify.com/track/2m2EUNDxXmFceJpyPaSfmA","De Mi Para Ti","B","minor","B minor"
"Jay Wheeler","2cPqdH7XMvwaBJEVjheH8g","1GYQWPYnUhpVP2yJ4e8hFK","album","2022-01-12",2022,"day",0.839,0.51,1,-6.426,0,0.113,0.205,0.0541,0.104,0.178,98.937,"73fzYaiwvL3a5JcjT3A4mv","https://api.spotify.com/v1/audio-analysis/73fzYaiwvL3a5JcjT3A4mv",4,1,224615,FALSE,"https://api.spotify.com/v1/tracks/73fzYaiwvL3a5JcjT3A4mv",FALSE,"BIOL-101","https://p.scdn.co/mp3-preview/272d3dae0d1219f78559e20ccd5c3cbe846d5c1e?cid=7a1d4f939a1f4e9989be940adaeb2999",5,"track","spotify:track:73fzYaiwvL3a5JcjT3A4mv","https://open.spotify.com/track/73fzYaiwvL3a5JcjT3A4mv","De Mi Para Ti","C#","minor","C# minor"
"Jay Wheeler","2cPqdH7XMvwaBJEVjheH8g","1GYQWPYnUhpVP2yJ4e8hFK","album","2022-01-12",2022,"day",0.563,0.23,5,-10.062,1,0.11,0.877,0,0.118,0.334,180.086,"4et8cFiIp4NPpWfULoukzc","https://api.spotify.com/v1/audio-analysis/4et8cFiIp4NPpWfULoukzc",4,1,216000,FALSE,"https://api.spotify.com/v1/tracks/4et8cFiIp4NPpWfULoukzc",FALSE,"Eazt","https://p.scdn.co/mp3-preview/1f1deaf2011078d5537acfd7746853f3891b1eba?cid=7a1d4f939a1f4e9989be940adaeb2999",6,"track","spotify:track:4et8cFiIp4NPpWfULoukzc","https://open.spotify.com/track/4et8cFiIp4NPpWfULoukzc","De Mi Para Ti","F","major","F major"
"Jay Wheeler","2cPqdH7XMvwaBJEVjheH8g","1GYQWPYnUhpVP2yJ4e8hFK","album","2022-01-12",2022,"day",0.707,0.77,7,-4.777,1,0.142,0.307,0,0.101,0.488,156.004,"15VzWVcM2470avs94Novw9","https://api.spotify.com/v1/audio-analysis/15VzWVcM2470avs94Novw9",4,1,184267,FALSE,"https://api.spotify.com/v1/tracks/15VzWVcM2470avs94Novw9",FALSE,"Take My Life","https://p.scdn.co/mp3-preview/0dfc31c21893e24ae3d80572b2d7ba199973d5c2?cid=7a1d4f939a1f4e9989be940adaeb2999",7,"track","spotify:track:15VzWVcM2470avs94Novw9","https://open.spotify.com/track/15VzWVcM2470avs94Novw9","De Mi Para Ti","G","major","G major"
"Jay Wheeler","2cPqdH7XMvwaBJEVjheH8g","1GYQWPYnUhpVP2yJ4e8hFK","album","2022-01-12",2022,"day",0.694,0.655,4,-6.094,1,0.17,0.286,0,0.0989,0.448,164.072,"0tnGMO6HyDSiZsq3sGBJup","https://api.spotify.com/v1/audio-analysis/0tnGMO6HyDSiZsq3sGBJup",4,1,153864,FALSE,"https://api.spotify.com/v1/tracks/0tnGMO6HyDSiZsq3sGBJup",FALSE,"Can't Figure U Out","https://p.scdn.co/mp3-preview/e5b44c597d8cc62a467469ae1c4e606774834671?cid=7a1d4f939a1f4e9989be940adaeb2999",8,"track","spotify:track:0tnGMO6HyDSiZsq3sGBJup","https://open.spotify.com/track/0tnGMO6HyDSiZsq3sGBJup","De Mi Para Ti","E","major","E major"
"Jay Wheeler","2cPqdH7XMvwaBJEVjheH8g","5sEpXan86hEcM8eZSAoWhw","album","2020-06-12",2020,"day",0.769,0.562,6,-4.56,0,0.222,0.268,0.00578,0.129,0.716,184.033,"7ujRjXQJKOek0wXXEh6ZYF","https://api.spotify.com/v1/audio-analysis/7ujRjXQJKOek0wXXEh6ZYF",4,1,219804,FALSE,"https://api.spotify.com/v1/tracks/7ujRjXQJKOek0wXXEh6ZYF",FALSE,"Nada Serio","https://p.scdn.co/mp3-preview/15b8c636efd3e540a624e571951a0fe1086f3321?cid=7a1d4f939a1f4e9989be940adaeb2999",1,"track","spotify:track:7ujRjXQJKOek0wXXEh6ZYF","https://open.spotify.com/track/7ujRjXQJKOek0wXXEh6ZYF","Platonicos","F#","minor","F# minor"
"Jay Wheeler","2cPqdH7XMvwaBJEVjheH8g","5sEpXan86hEcM8eZSAoWhw","album","2020-06-12",2020,"day",0.867,0.538,1,-5.554,0,0.191,0.531,0.000488,0.077,0.863,92.035,"6lq4xnerNWXUQkl7Pd9iXW","https://api.spotify.com/v1/audio-analysis/6lq4xnerNWXUQkl7Pd9iXW",4,1,202657,FALSE,"https://api.spotify.com/v1/tracks/6lq4xnerNWXUQkl7Pd9iXW",FALSE,"Esa Nota","https://p.scdn.co/mp3-preview/ed2958c7136043a176f4adb31be30932111906d2?cid=7a1d4f939a1f4e9989be940adaeb2999",2,"track","spotify:track:6lq4xnerNWXUQkl7Pd9iXW","https://open.spotify.com/track/6lq4xnerNWXUQkl7Pd9iXW","Platonicos","C#","minor","C# minor"
"Jay Wheeler","2cPqdH7XMvwaBJEVjheH8g","5sEpXan86hEcM8eZSAoWhw","album","2020-06-12",2020,"day",0.704,0.708,1,-5.79,0,0.0596,0.196,0,0.111,0.414,160.08,"4gu6Akv9Q755ArkE1Vq4rG","https://api.spotify.com/v1/audio-analysis/4gu6Akv9Q755ArkE1Vq4rG",4,1,243159,FALSE,"https://api.spotify.com/v1/tracks/4gu6Akv9Q755ArkE1Vq4rG",FALSE,"Mala Mía","https://p.scdn.co/mp3-preview/c703a5075149a47a7fdb1f9159681b7db5f22bda?cid=7a1d4f939a1f4e9989be940adaeb2999",3,"track","spotify:track:4gu6Akv9Q755ArkE1Vq4rG","https://open.spotify.com/track/4gu6Akv9Q755ArkE1Vq4rG","Platonicos","C#","minor","C# minor"
"Jay Wheeler","2cPqdH7XMvwaBJEVjheH8g","5sEpXan86hEcM8eZSAoWhw","album","2020-06-12",2020,"day",0.845,0.677,11,-4.798,0,0.136,0.269,0.000917,0.108,0.68,90.013,"4HYDUMY0xSpeBr0AMY9cUz","https://api.spotify.com/v1/audio-analysis/4HYDUMY0xSpeBr0AMY9cUz",4,1,219048,FALSE,"https://api.spotify.com/v1/tracks/4HYDUMY0xSpeBr0AMY9cUz",FALSE,"La Curiosidad","https://p.scdn.co/mp3-preview/5ce5992669dd67da1a32887a18f97bc6cc5a1370?cid=7a1d4f939a1f4e9989be940adaeb2999",4,"track","spotify:track:4HYDUMY0xSpeBr0AMY9cUz","https://open.spotify.com/track/4HYDUMY0xSpeBr0AMY9cUz","Platonicos","B","minor","B minor"
"Jay Wheeler","2cPqdH7XMvwaBJEVjheH8g","5sEpXan86hEcM8eZSAoWhw","album","2020-06-12",2020,"day",0.69,0.721,7,-4.412,0,0.062,0.528,0.000595,0.105,0.716,175.982,"1UdjNX3zuMeAV7XEi52DFW","https://api.spotify.com/v1/audio-analysis/1UdjNX3zuMeAV7XEi52DFW",4,1,207590,FALSE,"https://api.spotify.com/v1/tracks/1UdjNX3zuMeAV7XEi52DFW",FALSE,"Diferente a El","https://p.scdn.co/mp3-preview/0d428673396994a4194724a2211756a356caa946?cid=7a1d4f939a1f4e9989be940adaeb2999",5,"track","spotify:track:1UdjNX3zuMeAV7XEi52DFW","https://open.spotify.com/track/1UdjNX3zuMeAV7XEi52DFW","Platonicos","G","minor","G minor"
"Jay Wheeler","2cPqdH7XMvwaBJEVjheH8g","5sEpXan86hEcM8eZSAoWhw","album","2020-06-12",2020,"day",0.735,0.416,7,-6.316,1,0.356,0.259,1.65e-05,0.144,0.303,169.967,"6pLcaMkr9zB9nVMqe7sToa","https://api.spotify.com/v1/audio-analysis/6pLcaMkr9zB9nVMqe7sToa",4,1,266218,FALSE,"https://api.spotify.com/v1/tracks/6pLcaMkr9zB9nVMqe7sToa",FALSE,"Sin Ti - Remix","https://p.scdn.co/mp3-preview/81be383a78774360c515a913ff8a9daa45a1efe7?cid=7a1d4f939a1f4e9989be940adaeb2999",6,"track","spotify:track:6pLcaMkr9zB9nVMqe7sToa","https://open.spotify.com/track/6pLcaMkr9zB9nVMqe7sToa","Platonicos","G","major","G major"
"Jay Wheeler","2cPqdH7XMvwaBJEVjheH8g","5sEpXan86hEcM8eZSAoWhw","album","2020-06-12",2020,"day",0.64,0.316,7,-8.16,1,0.0362,0.764,0,0.34,0.449,148.055,"7HxsUpCCSuP71Et8u6Jz5l","https://api.spotify.com/v1/audio-analysis/7HxsUpCCSuP71Et8u6Jz5l",4,1,214658,FALSE,"https://api.spotify.com/v1/tracks/7HxsUpCCSuP71Et8u6Jz5l",FALSE,"Para Ti","https://p.scdn.co/mp3-preview/6488c670107c47d8c622035e30e91c820faf16e6?cid=7a1d4f939a1f4e9989be940adaeb2999",7,"track","spotify:track:7HxsUpCCSuP71Et8u6Jz5l","https://open.spotify.com/track/7HxsUpCCSuP71Et8u6Jz5l","Platonicos","G","major","G major"
"Jay Wheeler","2cPqdH7XMvwaBJEVjheH8g","5sEpXan86hEcM8eZSAoWhw","album","2020-06-12",2020,"day",0.81,0.404,4,-8.42,0,0.456,0.494,0.000112,0.0928,0.568,172.041,"6vnIld8LFXLXDUQsviJWgi","https://api.spotify.com/v1/audio-analysis/6vnIld8LFXLXDUQsviJWgi",4,1,238217,FALSE,"https://api.spotify.com/v1/tracks/6vnIld8LFXLXDUQsviJWgi",FALSE,"Cuéntale","https://p.scdn.co/mp3-preview/a1c75d6fb5cde21600a9e61fe821c4dc61d58c7a?cid=7a1d4f939a1f4e9989be940adaeb2999",8,"track","spotify:track:6vnIld8LFXLXDUQsviJWgi","https://open.spotify.com/track/6vnIld8LFXLXDUQsviJWgi","Platonicos","E","minor","E minor"
"Jay Wheeler","2cPqdH7XMvwaBJEVjheH8g","5sEpXan86hEcM8eZSAoWhw","album","2020-06-12",2020,"day",0.78,0.612,1,-5.578,0,0.24,0.3,9.36e-06,0.0679,0.688,177.965,"748TYQSNoIN4p7W8damq2u","https://api.spotify.com/v1/audio-analysis/748TYQSNoIN4p7W8damq2u",4,1,184420,FALSE,"https://api.spotify.com/v1/tracks/748TYQSNoIN4p7W8damq2u",FALSE,"Cuando Fue","https://p.scdn.co/mp3-preview/07b8b303ab6491f61c8c26fc1197eebc4f8e30dc?cid=7a1d4f939a1f4e9989be940adaeb2999",9,"track","spotify:track:748TYQSNoIN4p7W8damq2u","https://open.spotify.com/track/748TYQSNoIN4p7W8damq2u","Platonicos","C#","minor","C# minor"
"Jay Wheeler","2cPqdH7XMvwaBJEVjheH8g","5sEpXan86hEcM8eZSAoWhw","album","2020-06-12",2020,"day",0.73,0.472,1,-7.028,1,0.0764,0.575,0.00934,0.101,0.0773,153.927,"2fbIfOjomquKo6okO1h1lN","https://api.spotify.com/v1/audio-analysis/2fbIfOjomquKo6okO1h1lN",4,1,206054,FALSE,"https://api.spotify.com/v1/tracks/2fbIfOjomquKo6okO1h1lN",FALSE,"Vivir","https://p.scdn.co/mp3-preview/0db4df21dc3d51ae09a1040a811623ba490eb3f3?cid=7a1d4f939a1f4e9989be940adaeb2999",10,"track","spotify:track:2fbIfOjomquKo6okO1h1lN","https://open.spotify.com/track/2fbIfOjomquKo6okO1h1lN","Platonicos","C#","major","C# major"
"Jay Wheeler","2cPqdH7XMvwaBJEVjheH8g","5sEpXan86hEcM8eZSAoWhw","album","2020-06-12",2020,"day",0.83,0.712,11,-5.347,1,0.0574,0.371,0,0.0666,0.361,95.001,"6JXPt9C92HH9q8ZEzxakC7","https://api.spotify.com/v1/audio-analysis/6JXPt9C92HH9q8ZEzxakC7",4,1,221501,FALSE,"https://api.spotify.com/v1/tracks/6JXPt9C92HH9q8ZEzxakC7",FALSE,"Me Enamoré - Versión Vallenato","https://p.scdn.co/mp3-preview/dea70d7a4ef96f6db6bb7464276161d084ba274a?cid=7a1d4f939a1f4e9989be940adaeb2999",11,"track","spotify:track:6JXPt9C92HH9q8ZEzxakC7","https://open.spotify.com/track/6JXPt9C92HH9q8ZEzxakC7","Platonicos","B","major","B major"
"Jay Wheeler","2cPqdH7XMvwaBJEVjheH8g","5sEpXan86hEcM8eZSAoWhw","album","2020-06-12",2020,"day",0.793,0.568,1,-3.898,1,0.186,0.418,0.000505,0.351,0.533,180.015,"7HjCBNjTWccEk6ypsQ5QXz","https://api.spotify.com/v1/audio-analysis/7HjCBNjTWccEk6ypsQ5QXz",4,1,229107,FALSE,"https://api.spotify.com/v1/tracks/7HjCBNjTWccEk6ypsQ5QXz",FALSE,"Fuiste Tú","https://p.scdn.co/mp3-preview/206ef05797d61140dfcacafe6dd61cb7cc0e62f7?cid=7a1d4f939a1f4e9989be940adaeb2999",12,"track","spotify:track:7HjCBNjTWccEk6ypsQ5QXz","https://open.spotify.com/track/7HjCBNjTWccEk6ypsQ5QXz","Platonicos","C#","major","C# major"
"Jay Wheeler","2cPqdH7XMvwaBJEVjheH8g","2Xz6s5xkP24hNqWCWHSsww","album","2019-11-28",2019,"day",0.693,0.458,6,-6.387,0,0.558,0.837,0.00492,0.114,0.43,180.222,"11vXcinhKfstNr41znVOt1","https://api.spotify.com/v1/audio-analysis/11vXcinhKfstNr41znVOt1",4,1,130144,FALSE,"https://api.spotify.com/v1/tracks/11vXcinhKfstNr41znVOt1",FALSE,"Yo No Cambié","https://p.scdn.co/mp3-preview/cc0ef7f799ba9076c1307e82765184b24af9919d?cid=7a1d4f939a1f4e9989be940adaeb2999",1,"track","spotify:track:11vXcinhKfstNr41znVOt1","https://open.spotify.com/track/11vXcinhKfstNr41znVOt1","Platónico","F#","minor","F# minor"
"Jay Wheeler","2cPqdH7XMvwaBJEVjheH8g","2Xz6s5xkP24hNqWCWHSsww","album","2019-11-28",2019,"day",0.753,0.558,1,-5,1,0.0542,0.275,0,0.127,0.288,81.005,"5m0odIWTDmFeLrGyqIe34M","https://api.spotify.com/v1/audio-analysis/5m0odIWTDmFeLrGyqIe34M",4,1,197922,FALSE,"https://api.spotify.com/v1/tracks/5m0odIWTDmFeLrGyqIe34M",FALSE,"Diferente","https://p.scdn.co/mp3-preview/48484035426d0b116b82359599f213947e7a23b3?cid=7a1d4f939a1f4e9989be940adaeb2999",2,"track","spotify:track:5m0odIWTDmFeLrGyqIe34M","https://open.spotify.com/track/5m0odIWTDmFeLrGyqIe34M","Platónico","C#","major","C# major"
"Jay Wheeler","2cPqdH7XMvwaBJEVjheH8g","2Xz6s5xkP24hNqWCWHSsww","album","2019-11-28",2019,"day",0.712,0.262,9,-9.154,1,0.0513,0.907,0,0.0942,0.524,144.055,"0Gve0vLsq1KuMhHqWPhZSM","https://api.spotify.com/v1/audio-analysis/0Gve0vLsq1KuMhHqWPhZSM",4,1,193589,FALSE,"https://api.spotify.com/v1/tracks/0Gve0vLsq1KuMhHqWPhZSM",FALSE,"No Dejo De Amarte","https://p.scdn.co/mp3-preview/3482e4c4ea07628e4912b0eacda38865a6828e6c?cid=7a1d4f939a1f4e9989be940adaeb2999",3,"track","spotify:track:0Gve0vLsq1KuMhHqWPhZSM","https://open.spotify.com/track/0Gve0vLsq1KuMhHqWPhZSM","Platónico","A","major","A major"
"Jay Wheeler","2cPqdH7XMvwaBJEVjheH8g","2Xz6s5xkP24hNqWCWHSsww","album","2019-11-28",2019,"day",0.903,0.502,9,-5.861,1,0.301,0.496,2.67e-05,0.174,0.477,94.019,"0FyVRToEEptBmuTH9ULuK1","https://api.spotify.com/v1/audio-analysis/0FyVRToEEptBmuTH9ULuK1",4,1,200928,FALSE,"https://api.spotify.com/v1/tracks/0FyVRToEEptBmuTH9ULuK1",FALSE,"Se Rebeló","https://p.scdn.co/mp3-preview/33846b1153ec15c7934ef28076a314332d31e2bb?cid=7a1d4f939a1f4e9989be940adaeb2999",4,"track","spotify:track:0FyVRToEEptBmuTH9ULuK1","https://open.spotify.com/track/0FyVRToEEptBmuTH9ULuK1","Platónico","A","major","A major"
"Jay Wheeler","2cPqdH7XMvwaBJEVjheH8g","2Xz6s5xkP24hNqWCWHSsww","album","2019-11-28",2019,"day",0.899,0.48,9,-6.196,1,0.06,0.326,0,0.0735,0.392,94.011,"664N81BanO9zNURGi2iliG","https://api.spotify.com/v1/audio-analysis/664N81BanO9zNURGi2iliG",4,1,211102,FALSE,"https://api.spotify.com/v1/tracks/664N81BanO9zNURGi2iliG",FALSE,"Dime Que Sí","https://p.scdn.co/mp3-preview/e8fcf35580e4097f0d00ca4cfcffbfbfed9b4fc5?cid=7a1d4f939a1f4e9989be940adaeb2999",5,"track","spotify:track:664N81BanO9zNURGi2iliG","https://open.spotify.com/track/664N81BanO9zNURGi2iliG","Platónico","A","major","A major"
"Jay Wheeler","2cPqdH7XMvwaBJEVjheH8g","2Xz6s5xkP24hNqWCWHSsww","album","2019-11-28",2019,"day",0.796,0.681,11,-4.275,1,0.0574,0.286,2.19e-05,0.103,0.864,90.021,"4aN4QlhHVjgvXYkF3hlW2b","https://api.spotify.com/v1/audio-analysis/4aN4QlhHVjgvXYkF3hlW2b",4,1,279432,FALSE,"https://api.spotify.com/v1/tracks/4aN4QlhHVjgvXYkF3hlW2b",FALSE,"Otra Noche Más - Remix","https://p.scdn.co/mp3-preview/f56bed1d8635cf0aab16677f80f84fe4ff80a4ae?cid=7a1d4f939a1f4e9989be940adaeb2999",6,"track","spotify:track:4aN4QlhHVjgvXYkF3hlW2b","https://open.spotify.com/track/4aN4QlhHVjgvXYkF3hlW2b","Platónico","B","major","B major"
"Jay Wheeler","2cPqdH7XMvwaBJEVjheH8g","2Xz6s5xkP24hNqWCWHSsww","album","2019-11-28",2019,"day",0.729,0.491,11,-7.875,0,0.302,0.538,0,0.0905,0.408,178.019,"50hfjpT1jtaGHt1LKfhJQK","https://api.spotify.com/v1/audio-analysis/50hfjpT1jtaGHt1LKfhJQK",4,1,228917,FALSE,"https://api.spotify.com/v1/tracks/50hfjpT1jtaGHt1LKfhJQK",FALSE,"Yo Tampoco","https://p.scdn.co/mp3-preview/4c7f7eac540c1660c55af7174c2e8b241dbbd57c?cid=7a1d4f939a1f4e9989be940adaeb2999",7,"track","spotify:track:50hfjpT1jtaGHt1LKfhJQK","https://open.spotify.com/track/50hfjpT1jtaGHt1LKfhJQK","Platónico","B","minor","B minor"
"Jay Wheeler","2cPqdH7XMvwaBJEVjheH8g","2Xz6s5xkP24hNqWCWHSsww","album","2019-11-28",2019,"day",0.766,0.502,6,-6.693,0,0.279,0.45,0.000877,0.149,0.526,188.23,"56WrdnjWGMwomjP6ypofWz","https://api.spotify.com/v1/audio-analysis/56WrdnjWGMwomjP6ypofWz",4,1,186500,FALSE,"https://api.spotify.com/v1/tracks/56WrdnjWGMwomjP6ypofWz",FALSE,"Se Fue","https://p.scdn.co/mp3-preview/dc78c6a6f2ea19565c10b7e2823a63f06c5d70fb?cid=7a1d4f939a1f4e9989be940adaeb2999",8,"track","spotify:track:56WrdnjWGMwomjP6ypofWz","https://open.spotify.com/track/56WrdnjWGMwomjP6ypofWz","Platónico","F#","minor","F# minor"
"Jay Wheeler","2cPqdH7XMvwaBJEVjheH8g","2Xz6s5xkP24hNqWCWHSsww","album","2019-11-28",2019,"day",0.704,0.252,9,-7.512,0,0.0902,0.951,2.05e-05,0.0934,0.413,152.281,"7g7hie0DV7RLUPAxcFwTtL","https://api.spotify.com/v1/audio-analysis/7g7hie0DV7RLUPAxcFwTtL",4,1,176436,FALSE,"https://api.spotify.com/v1/tracks/7g7hie0DV7RLUPAxcFwTtL",FALSE,"Si Quieres Amor","https://p.scdn.co/mp3-preview/9385fa19e99a7bb0c33b3e25c5daf3866b04e24f?cid=7a1d4f939a1f4e9989be940adaeb2999",9,"track","spotify:track:7g7hie0DV7RLUPAxcFwTtL","https://open.spotify.com/track/7g7hie0DV7RLUPAxcFwTtL","Platónico","A","minor","A minor"
"Jay Wheeler","2cPqdH7XMvwaBJEVjheH8g","2Xz6s5xkP24hNqWCWHSsww","album","2019-11-28",2019,"day",0.624,0.299,1,-8.961,0,0.289,0.817,2.85e-05,0.161,0.337,169.97,"7aj9XRtklIxUrguY8d0tkJ","https://api.spotify.com/v1/audio-analysis/7aj9XRtklIxUrguY8d0tkJ",4,1,210096,FALSE,"https://api.spotify.com/v1/tracks/7aj9XRtklIxUrguY8d0tkJ",FALSE,"Te Amo y Te Odio","https://p.scdn.co/mp3-preview/c381af4434aff5a45c14578c99956b9fc3537572?cid=7a1d4f939a1f4e9989be940adaeb2999",10,"track","spotify:track:7aj9XRtklIxUrguY8d0tkJ","https://open.spotify.com/track/7aj9XRtklIxUrguY8d0tkJ","Platónico","C#","minor","C# minor"
"Jay Wheeler","2cPqdH7XMvwaBJEVjheH8g","2Xz6s5xkP24hNqWCWHSsww","album","2019-11-28",2019,"day",0.899,0.565,5,-6.475,1,0.0995,0.153,0,0.0849,0.504,92.004,"0giZzEN5MXmFsmeo7nl81E","https://api.spotify.com/v1/audio-analysis/0giZzEN5MXmFsmeo7nl81E",4,1,203080,FALSE,"https://api.spotify.com/v1/tracks/0giZzEN5MXmFsmeo7nl81E",FALSE,"Si Te Vas","https://p.scdn.co/mp3-preview/098dbb63180141afc9e03728afacc16fb0088922?cid=7a1d4f939a1f4e9989be940adaeb2999",11,"track","spotify:track:0giZzEN5MXmFsmeo7nl81E","https://open.spotify.com/track/0giZzEN5MXmFsmeo7nl81E","Platónico","F","major","F major"
"Jay Wheeler","2cPqdH7XMvwaBJEVjheH8g","2Xz6s5xkP24hNqWCWHSsww","album","2019-11-28",2019,"day",0.801,0.319,7,-7.869,1,0.48,0.308,0.000243,0.0999,0.144,169.99,"4iHHZyf0fIpWQdwno0ul8E","https://api.spotify.com/v1/audio-analysis/4iHHZyf0fIpWQdwno0ul8E",4,1,220149,FALSE,"https://api.spotify.com/v1/tracks/4iHHZyf0fIpWQdwno0ul8E",FALSE,"Sin Ti","https://p.scdn.co/mp3-preview/47cd9ea99bddccfeb46bd54bb108534db1929caa?cid=7a1d4f939a1f4e9989be940adaeb2999",12,"track","spotify:track:4iHHZyf0fIpWQdwno0ul8E","https://open.spotify.com/track/4iHHZyf0fIpWQdwno0ul8E","Platónico","G","major","G major"
"Jay Wheeler","2cPqdH7XMvwaBJEVjheH8g","2Xz6s5xkP24hNqWCWHSsww","album","2019-11-28",2019,"day",0.495,0.357,11,-7.555,1,0.0439,0.968,0.00104,0.118,0.456,179.74,"00nvL9u5K8jEJ6TSxGdtPK","https://api.spotify.com/v1/audio-analysis/00nvL9u5K8jEJ6TSxGdtPK",4,1,253830,FALSE,"https://api.spotify.com/v1/tracks/00nvL9u5K8jEJ6TSxGdtPK",FALSE,"Me Enamoré","https://p.scdn.co/mp3-preview/03fef9cfc13537640d21bc9cd0d2f864b90d3191?cid=7a1d4f939a1f4e9989be940adaeb2999",13,"track","spotify:track:00nvL9u5K8jEJ6TSxGdtPK","https://open.spotify.com/track/00nvL9u5K8jEJ6TSxGdtPK","Platónico","B","major","B major"
"Jay Wheeler","2cPqdH7XMvwaBJEVjheH8g","1lbc6Fe6ePcHkdmij4jWTJ","album","2019-11-27",2019,"day",0.623,0.469,9,-7.771,1,0.109,0.833,9.26e-06,0.519,0.529,77.262,"2gYnCEhHHB7afGX1rVADcU","https://api.spotify.com/v1/audio-analysis/2gYnCEhHHB7afGX1rVADcU",4,1,150747,FALSE,"https://api.spotify.com/v1/tracks/2gYnCEhHHB7afGX1rVADcU",FALSE,"Yo No Cambie - Unplugged","https://p.scdn.co/mp3-preview/ce4928af8fe635d3629b9afc956f23c7c71c6a7d?cid=7a1d4f939a1f4e9989be940adaeb2999",1,"track","spotify:track:2gYnCEhHHB7afGX1rVADcU","https://open.spotify.com/track/2gYnCEhHHB7afGX1rVADcU","Unplugged","A","major","A major"
"Jay Wheeler","2cPqdH7XMvwaBJEVjheH8g","1lbc6Fe6ePcHkdmij4jWTJ","album","2019-11-27",2019,"day",0.589,0.243,1,-9.644,1,0.0565,0.879,0,0.325,0.555,84.312,"3hVVHcGu1Hi7LAJT2dsYUL","https://api.spotify.com/v1/audio-analysis/3hVVHcGu1Hi7LAJT2dsYUL",4,1,170668,FALSE,"https://api.spotify.com/v1/tracks/3hVVHcGu1Hi7LAJT2dsYUL",FALSE,"Diferente - Unplugged","https://p.scdn.co/mp3-preview/83fcba2f8baeaec7ac591364dbcd0cce568e25d5?cid=7a1d4f939a1f4e9989be940adaeb2999",2,"track","spotify:track:3hVVHcGu1Hi7LAJT2dsYUL","https://open.spotify.com/track/3hVVHcGu1Hi7LAJT2dsYUL","Unplugged","C#","major","C# major"
"Jay Wheeler","2cPqdH7XMvwaBJEVjheH8g","1lbc6Fe6ePcHkdmij4jWTJ","album","2019-11-27",2019,"day",0.535,0.43,9,-7.368,1,0.098,0.722,1.29e-05,0.519,0.668,150.243,"0SPJoobrxJocdUfvg2HNuo","https://api.spotify.com/v1/audio-analysis/0SPJoobrxJocdUfvg2HNuo",4,1,240406,FALSE,"https://api.spotify.com/v1/tracks/0SPJoobrxJocdUfvg2HNuo",FALSE,"No Dejo De Amarte - Unplugged","https://p.scdn.co/mp3-preview/9e126151c036bfbcbd885192b44ddfb5c43aa5b7?cid=7a1d4f939a1f4e9989be940adaeb2999",3,"track","spotify:track:0SPJoobrxJocdUfvg2HNuo","https://open.spotify.com/track/0SPJoobrxJocdUfvg2HNuo","Unplugged","A","major","A major"
"Jay Wheeler","2cPqdH7XMvwaBJEVjheH8g","1lbc6Fe6ePcHkdmij4jWTJ","album","2019-11-27",2019,"day",0.591,0.477,9,-7.299,1,0.0682,0.746,0,0.338,0.35,96.689,"2c8lV32pwJ3jrOQHAs8dis","https://api.spotify.com/v1/audio-analysis/2c8lV32pwJ3jrOQHAs8dis",4,1,205695,FALSE,"https://api.spotify.com/v1/tracks/2c8lV32pwJ3jrOQHAs8dis",FALSE,"Se Rebeló - Unplugged","https://p.scdn.co/mp3-preview/e4ca8593bd489f3a6d514c79991bf00677c835df?cid=7a1d4f939a1f4e9989be940adaeb2999",4,"track","spotify:track:2c8lV32pwJ3jrOQHAs8dis","https://open.spotify.com/track/2c8lV32pwJ3jrOQHAs8dis","Unplugged","A","major","A major"
"Jay Wheeler","2cPqdH7XMvwaBJEVjheH8g","1lbc6Fe6ePcHkdmij4jWTJ","album","2019-11-27",2019,"day",0.793,0.681,11,-5.935,1,0.126,0.577,0,0.917,0.496,95.006,"24VUMIDjNAJ5UpCPlxd9ZJ","https://api.spotify.com/v1/audio-analysis/24VUMIDjNAJ5UpCPlxd9ZJ",4,1,224675,FALSE,"https://api.spotify.com/v1/tracks/24VUMIDjNAJ5UpCPlxd9ZJ",FALSE,"Me Enamoré - Vallenato Unplugged","https://p.scdn.co/mp3-preview/ad0465dca352d72a5e62e17d9144025b97ea3605?cid=7a1d4f939a1f4e9989be940adaeb2999",5,"track","spotify:track:24VUMIDjNAJ5UpCPlxd9ZJ","https://open.spotify.com/track/24VUMIDjNAJ5UpCPlxd9ZJ","Unplugged","B","major","B major"
"Jay Wheeler","2cPqdH7XMvwaBJEVjheH8g","1lbc6Fe6ePcHkdmij4jWTJ","album","2019-11-27",2019,"day",0.713,0.457,9,-6.9,1,0.0983,0.776,0,0.365,0.438,95.455,"6lLp3r1xl67PrcTv48iHsP","https://api.spotify.com/v1/audio-analysis/6lLp3r1xl67PrcTv48iHsP",4,1,238547,FALSE,"https://api.spotify.com/v1/tracks/6lLp3r1xl67PrcTv48iHsP",FALSE,"Dime Que Si - Unplugged","https://p.scdn.co/mp3-preview/b950f81f6bea815ba94d43fd9bb5d132c7c6357e?cid=7a1d4f939a1f4e9989be940adaeb2999",6,"track","spotify:track:6lLp3r1xl67PrcTv48iHsP","https://open.spotify.com/track/6lLp3r1xl67PrcTv48iHsP","Unplugged","A","major","A major"
"Jay Wheeler","2cPqdH7XMvwaBJEVjheH8g","1lbc6Fe6ePcHkdmij4jWTJ","album","2019-11-27",2019,"day",0.504,0.483,11,-6.024,0,0.0784,0.875,0,0.498,0.6,183.889,"1lSwtto3Br7Fqvt9AT7te5","https://api.spotify.com/v1/audio-analysis/1lSwtto3Br7Fqvt9AT7te5",4,1,229210,FALSE,"https://api.spotify.com/v1/tracks/1lSwtto3Br7Fqvt9AT7te5",FALSE,"Yo Tampoco - Unplugged","https://p.scdn.co/mp3-preview/300673ba729aec183fe03bf16a7882a325143c08?cid=7a1d4f939a1f4e9989be940adaeb2999",7,"track","spotify:track:1lSwtto3Br7Fqvt9AT7te5","https://open.spotify.com/track/1lSwtto3Br7Fqvt9AT7te5","Unplugged","B","minor","B minor"
"Jay Wheeler","2cPqdH7XMvwaBJEVjheH8g","1lbc6Fe6ePcHkdmij4jWTJ","album","2019-11-27",2019,"day",0.559,0.602,11,-5.055,1,0.0549,0.721,0,0.874,0.713,93.144,"4vZgvqP27H436wW4YgGo2F","https://api.spotify.com/v1/audio-analysis/4vZgvqP27H436wW4YgGo2F",4,1,327490,FALSE,"https://api.spotify.com/v1/tracks/4vZgvqP27H436wW4YgGo2F",FALSE,"Otra Noche Más - Unplugged","https://p.scdn.co/mp3-preview/8d621ecfdf8e3cdfc13105e35b84c1b03e3852a6?cid=7a1d4f939a1f4e9989be940adaeb2999",8,"track","spotify:track:4vZgvqP27H436wW4YgGo2F","https://open.spotify.com/track/4vZgvqP27H436wW4YgGo2F","Unplugged","B","major","B major"
"Jay Wheeler","2cPqdH7XMvwaBJEVjheH8g","1lbc6Fe6ePcHkdmij4jWTJ","album","2019-11-27",2019,"day",0.569,0.315,0,-8.771,1,0.0732,0.702,0,0.604,0.643,130.568,"68Y7ZkVLhePcYsMJJ014XZ","https://api.spotify.com/v1/audio-analysis/68Y7ZkVLhePcYsMJJ014XZ",1,1,189818,FALSE,"https://api.spotify.com/v1/tracks/68Y7ZkVLhePcYsMJJ014XZ",FALSE,"Si Quieres Amor - Unplugged","https://p.scdn.co/mp3-preview/79d3cecc760793888f24512a192a9ef272decd09?cid=7a1d4f939a1f4e9989be940adaeb2999",9,"track","spotify:track:68Y7ZkVLhePcYsMJJ014XZ","https://open.spotify.com/track/68Y7ZkVLhePcYsMJJ014XZ","Unplugged","C","major","C major"
"Jay Wheeler","2cPqdH7XMvwaBJEVjheH8g","1lbc6Fe6ePcHkdmij4jWTJ","album","2019-11-27",2019,"day",0.498,0.398,4,-9.126,1,0.149,0.771,0.000556,0.371,0.489,175.577,"3eDnkkUllsHuinTne4cxAt","https://api.spotify.com/v1/audio-analysis/3eDnkkUllsHuinTne4cxAt",4,1,201236,FALSE,"https://api.spotify.com/v1/tracks/3eDnkkUllsHuinTne4cxAt",FALSE,"Te Amo, Te Odio - Unplugged","https://p.scdn.co/mp3-preview/50fa1c9532ca4788517d6d95767bd8ecd3179f60?cid=7a1d4f939a1f4e9989be940adaeb2999",10,"track","spotify:track:3eDnkkUllsHuinTne4cxAt","https://open.spotify.com/track/3eDnkkUllsHuinTne4cxAt","Unplugged","E","major","E major"
"Jay Wheeler","2cPqdH7XMvwaBJEVjheH8g","1lbc6Fe6ePcHkdmij4jWTJ","album","2019-11-27",2019,"day",0.506,0.478,7,-5.976,0,0.0519,0.785,0,0.465,0.709,176.71,"2OY4BV8MQ1n9DbGNiUv80x","https://api.spotify.com/v1/audio-analysis/2OY4BV8MQ1n9DbGNiUv80x",4,1,214884,FALSE,"https://api.spotify.com/v1/tracks/2OY4BV8MQ1n9DbGNiUv80x",FALSE,"Si Te Vas - Unplugged","https://p.scdn.co/mp3-preview/81354410654b0e33e551903f4e0df0aacc445350?cid=7a1d4f939a1f4e9989be940adaeb2999",11,"track","spotify:track:2OY4BV8MQ1n9DbGNiUv80x","https://open.spotify.com/track/2OY4BV8MQ1n9DbGNiUv80x","Unplugged","G","minor","G minor"
"Jay Wheeler","2cPqdH7XMvwaBJEVjheH8g","1lbc6Fe6ePcHkdmij4jWTJ","album","2019-11-27",2019,"day",0.437,0.42,7,-7.219,1,0.0414,0.691,0,0.865,0.511,84.072,"04XAaDholotmSlOwHIJoVx","https://api.spotify.com/v1/audio-analysis/04XAaDholotmSlOwHIJoVx",4,1,284285,FALSE,"https://api.spotify.com/v1/tracks/04XAaDholotmSlOwHIJoVx",FALSE,"Sin Ti - Unplugged","https://p.scdn.co/mp3-preview/337cd92f6bce3ec8be96b23c3bb92d8172e057b0?cid=7a1d4f939a1f4e9989be940adaeb2999",12,"track","spotify:track:04XAaDholotmSlOwHIJoVx","https://open.spotify.com/track/04XAaDholotmSlOwHIJoVx","Unplugged","G","major","G major"
"Jay Wheeler","2cPqdH7XMvwaBJEVjheH8g","1lbc6Fe6ePcHkdmij4jWTJ","album","2019-11-27",2019,"day",0.566,0.368,11,-7.976,1,0.0475,0.851,0,0.342,0.571,124.091,"7DttfraeCPIbRm0SfWdAK9","https://api.spotify.com/v1/audio-analysis/7DttfraeCPIbRm0SfWdAK9",4,1,344233,FALSE,"https://api.spotify.com/v1/tracks/7DttfraeCPIbRm0SfWdAK9",FALSE,"Me Enamoré - Acústica Unplugged","https://p.scdn.co/mp3-preview/1a7e6bbd3052113b32f13f27f053dd84f297e7e7?cid=7a1d4f939a1f4e9989be940adaeb2999",13,"track","spotify:track:7DttfraeCPIbRm0SfWdAK9","https://open.spotify.com/track/7DttfraeCPIbRm0SfWdAK9","Unplugged","B","major","B major"
