"artist_name","artist_id","album_id","album_type","album_release_date","album_release_year","album_release_date_precision","danceability","energy","key","loudness","mode","speechiness","acousticness","instrumentalness","liveness","valence","tempo","track_id","analysis_url","time_signature","disc_number","duration_ms","explicit","track_href","is_local","track_name","track_preview_url","track_number","type","track_uri","external_urls.spotify","album_name","key_name","mode_name","key_mode"
"Romeo Santos","5lwmRuXgjX8xIwlnauTZIP","3kGn13mW34Ookfj6yiY8BF","album","2022-09-01",2022,"day",0.569,0.189,9,-13.386,0,0.438,0.691,1e-05,0.359,0.265,145.402,"1O5HGqTyQwb0N87beG7mLC","https://api.spotify.com/v1/audio-analysis/1O5HGqTyQwb0N87beG7mLC",3,1,101400,FALSE,"https://api.spotify.com/v1/tracks/1O5HGqTyQwb0N87beG7mLC",FALSE,"Intro (feat. Alex Santos, Valentino Santos & Solano Santos)","https://p.scdn.co/mp3-preview/f22ccd8b98e942985f41010c35a85e0c5c28a962?cid=7a1d4f939a1f4e9989be940adaeb2999",1,"track","spotify:track:1O5HGqTyQwb0N87beG7mLC","https://open.spotify.com/track/1O5HGqTyQwb0N87beG7mLC","Fórmula, Vol. 3","A","minor","A minor"
"Romeo Santos","5lwmRuXgjX8xIwlnauTZIP","3kGn13mW34Ookfj6yiY8BF","album","2022-09-01",2022,"day",0.765,0.878,3,-3.649,0,0.0465,0.105,0,0.314,0.96,125.046,"7HsebNHZDGj8UhWIrZaMx6","https://api.spotify.com/v1/audio-analysis/7HsebNHZDGj8UhWIrZaMx6",4,1,235733,FALSE,"https://api.spotify.com/v1/tracks/7HsebNHZDGj8UhWIrZaMx6",FALSE,"Bebo","https://p.scdn.co/mp3-preview/6bd384bb6030fae203c4ef8b4d2a387d0e9679ee?cid=7a1d4f939a1f4e9989be940adaeb2999",2,"track","spotify:track:7HsebNHZDGj8UhWIrZaMx6","https://open.spotify.com/track/7HsebNHZDGj8UhWIrZaMx6","Fórmula, Vol. 3","D#","minor","D# minor"
"Romeo Santos","5lwmRuXgjX8xIwlnauTZIP","3kGn13mW34Ookfj6yiY8BF","album","2022-09-01",2022,"day",0.811,0.81,9,-3.748,0,0.0422,0.108,0,0.0627,0.75,124.053,"6mjhmQB61lSVhgcmOFJv9L","https://api.spotify.com/v1/audio-analysis/6mjhmQB61lSVhgcmOFJv9L",4,1,224426,FALSE,"https://api.spotify.com/v1/tracks/6mjhmQB61lSVhgcmOFJv9L",FALSE,"Ayúdame","https://p.scdn.co/mp3-preview/9816a8ae14a23236a4ffe1ad842475a9a3b9369f?cid=7a1d4f939a1f4e9989be940adaeb2999",3,"track","spotify:track:6mjhmQB61lSVhgcmOFJv9L","https://open.spotify.com/track/6mjhmQB61lSVhgcmOFJv9L","Fórmula, Vol. 3","A","minor","A minor"
"Romeo Santos","5lwmRuXgjX8xIwlnauTZIP","3kGn13mW34Ookfj6yiY8BF","album","2022-09-01",2022,"day",0.857,0.699,0,-5.493,0,0.0432,0.0498,0,0.112,0.905,130.031,"0ill3qz7eiLAswHanCCoeJ","https://api.spotify.com/v1/audio-analysis/0ill3qz7eiLAswHanCCoeJ",4,1,247520,FALSE,"https://api.spotify.com/v1/tracks/0ill3qz7eiLAswHanCCoeJ",FALSE,"Boomerang","https://p.scdn.co/mp3-preview/eb597e440696a703e50e46017aa286b0282962de?cid=7a1d4f939a1f4e9989be940adaeb2999",4,"track","spotify:track:0ill3qz7eiLAswHanCCoeJ","https://open.spotify.com/track/0ill3qz7eiLAswHanCCoeJ","Fórmula, Vol. 3","C","minor","C minor"
"Romeo Santos","5lwmRuXgjX8xIwlnauTZIP","3kGn13mW34Ookfj6yiY8BF","album","2022-09-01",2022,"day",0.922,0.672,3,-3.322,0,0.0432,0.0392,4e-06,0.0565,0.886,126.038,"4iSF0oZYDXeFTGHG20NOOF","https://api.spotify.com/v1/audio-analysis/4iSF0oZYDXeFTGHG20NOOF",4,1,186160,FALSE,"https://api.spotify.com/v1/tracks/4iSF0oZYDXeFTGHG20NOOF",FALSE,"Sexo Con Ropa","https://p.scdn.co/mp3-preview/7861037615f4fe323d2422feb94c993bb9a77bd7?cid=7a1d4f939a1f4e9989be940adaeb2999",5,"track","spotify:track:4iSF0oZYDXeFTGHG20NOOF","https://open.spotify.com/track/4iSF0oZYDXeFTGHG20NOOF","Fórmula, Vol. 3","D#","minor","D# minor"
"Romeo Santos","5lwmRuXgjX8xIwlnauTZIP","3kGn13mW34Ookfj6yiY8BF","album","2022-09-01",2022,"day",0.765,0.79,0,-4.199,0,0.0664,0.382,0,0.371,0.66,124.051,"7fCvGG97wqAIqtOxX87Uv1","https://api.spotify.com/v1/audio-analysis/7fCvGG97wqAIqtOxX87Uv1",4,1,213786,FALSE,"https://api.spotify.com/v1/tracks/7fCvGG97wqAIqtOxX87Uv1",FALSE,"Ciudadana","https://p.scdn.co/mp3-preview/aafb2b88b63f5a78e953076dddc0db4a68e47136?cid=7a1d4f939a1f4e9989be940adaeb2999",6,"track","spotify:track:7fCvGG97wqAIqtOxX87Uv1","https://open.spotify.com/track/7fCvGG97wqAIqtOxX87Uv1","Fórmula, Vol. 3","C","minor","C minor"
"Romeo Santos","5lwmRuXgjX8xIwlnauTZIP","3kGn13mW34Ookfj6yiY8BF","album","2022-09-01",2022,"day",0.825,0.841,11,-4.714,0,0.0404,0.067,8.81e-06,0.305,0.876,131.89,"2QhwiiYs6JvW4NJIsJEKIJ","https://api.spotify.com/v1/audio-analysis/2QhwiiYs6JvW4NJIsJEKIJ",4,1,203640,FALSE,"https://api.spotify.com/v1/tracks/2QhwiiYs6JvW4NJIsJEKIJ",FALSE,"Mar","https://p.scdn.co/mp3-preview/8a574d6c6076ab3d6c1a8f9a281dbf9dc8fb64a7?cid=7a1d4f939a1f4e9989be940adaeb2999",7,"track","spotify:track:2QhwiiYs6JvW4NJIsJEKIJ","https://open.spotify.com/track/2QhwiiYs6JvW4NJIsJEKIJ","Fórmula, Vol. 3","B","minor","B minor"
"Romeo Santos","5lwmRuXgjX8xIwlnauTZIP","3kGn13mW34Ookfj6yiY8BF","album","2022-09-01",2022,"day",0.839,0.71,8,-3.823,1,0.0409,0.0534,0,0.283,0.661,129.997,"7jfmlr5W2AQWUGLVhT8ofl","https://api.spotify.com/v1/audio-analysis/7jfmlr5W2AQWUGLVhT8ofl",4,1,234786,FALSE,"https://api.spotify.com/v1/tracks/7jfmlr5W2AQWUGLVhT8ofl",FALSE,"El Pañuelo","https://p.scdn.co/mp3-preview/803c6af0804b9a31692ff1cd3ddeaf255b5ed8bd?cid=7a1d4f939a1f4e9989be940adaeb2999",8,"track","spotify:track:7jfmlr5W2AQWUGLVhT8ofl","https://open.spotify.com/track/7jfmlr5W2AQWUGLVhT8ofl","Fórmula, Vol. 3","G#","major","G# major"
"Romeo Santos","5lwmRuXgjX8xIwlnauTZIP","3kGn13mW34Ookfj6yiY8BF","album","2022-09-01",2022,"day",0.682,0.871,8,-3.428,0,0.0851,0.0987,0,0.0434,0.873,123.934,"0X6sRADYbUDYutAulPllKN","https://api.spotify.com/v1/audio-analysis/0X6sRADYbUDYutAulPllKN",4,1,271413,FALSE,"https://api.spotify.com/v1/tracks/0X6sRADYbUDYutAulPllKN",FALSE,"15,500 Noches","https://p.scdn.co/mp3-preview/6b64b20c3bd5e884ead8c7264d9a4d2d47a78965?cid=7a1d4f939a1f4e9989be940adaeb2999",9,"track","spotify:track:0X6sRADYbUDYutAulPllKN","https://open.spotify.com/track/0X6sRADYbUDYutAulPllKN","Fórmula, Vol. 3","G#","minor","G# minor"
"Romeo Santos","5lwmRuXgjX8xIwlnauTZIP","3kGn13mW34Ookfj6yiY8BF","album","2022-09-01",2022,"day",0.873,0.68,1,-3.475,0,0.051,0.112,0,0.0885,0.813,124.027,"74o96bZLSIZFIG12H7ZwUm","https://api.spotify.com/v1/audio-analysis/74o96bZLSIZFIG12H7ZwUm",4,1,213866,FALSE,"https://api.spotify.com/v1/tracks/74o96bZLSIZFIG12H7ZwUm",FALSE,"Perro","https://p.scdn.co/mp3-preview/71e7131acbb2f1763d6af0755226564b7ddf84e5?cid=7a1d4f939a1f4e9989be940adaeb2999",10,"track","spotify:track:74o96bZLSIZFIG12H7ZwUm","https://open.spotify.com/track/74o96bZLSIZFIG12H7ZwUm","Fórmula, Vol. 3","C#","minor","C# minor"
"Romeo Santos","5lwmRuXgjX8xIwlnauTZIP","3kGn13mW34Ookfj6yiY8BF","album","2022-09-01",2022,"day",0.736,0.869,0,-3.873,1,0.0548,0.18,0,0.0687,0.783,128.009,"4BBTalxG6c1Aoai1x1EA5g","https://api.spotify.com/v1/audio-analysis/4BBTalxG6c1Aoai1x1EA5g",4,1,234666,FALSE,"https://api.spotify.com/v1/tracks/4BBTalxG6c1Aoai1x1EA5g",FALSE,"Sin Fin","https://p.scdn.co/mp3-preview/c7b4ca5ff7cb6429ea72ba3153834f1bbce411b0?cid=7a1d4f939a1f4e9989be940adaeb2999",11,"track","spotify:track:4BBTalxG6c1Aoai1x1EA5g","https://open.spotify.com/track/4BBTalxG6c1Aoai1x1EA5g","Fórmula, Vol. 3","C","major","C major"
"Romeo Santos","5lwmRuXgjX8xIwlnauTZIP","3kGn13mW34Ookfj6yiY8BF","album","2022-09-01",2022,"day",0.855,0.856,2,-1.948,1,0.0455,0.199,0,0.0824,0.922,122.976,"22iCMlT0xYryKNnz4X5Vwn","https://api.spotify.com/v1/audio-analysis/22iCMlT0xYryKNnz4X5Vwn",4,1,254920,FALSE,"https://api.spotify.com/v1/tracks/22iCMlT0xYryKNnz4X5Vwn",FALSE,"Solo Conmigo","https://p.scdn.co/mp3-preview/0c9c11f7e318ae9a0a0bf8fc8c525bf79ae0a911?cid=7a1d4f939a1f4e9989be940adaeb2999",12,"track","spotify:track:22iCMlT0xYryKNnz4X5Vwn","https://open.spotify.com/track/22iCMlT0xYryKNnz4X5Vwn","Fórmula, Vol. 3","D","major","D major"
"Romeo Santos","5lwmRuXgjX8xIwlnauTZIP","3kGn13mW34Ookfj6yiY8BF","album","2022-09-01",2022,"day",0.826,0.78,11,-4.091,1,0.0541,0.0389,0,0.0992,0.873,126.032,"7fBuy1fdHEwG3mRdlHNM41","https://api.spotify.com/v1/audio-analysis/7fBuy1fdHEwG3mRdlHNM41",4,1,214613,FALSE,"https://api.spotify.com/v1/tracks/7fBuy1fdHEwG3mRdlHNM41",FALSE,"Sus Huellas","https://p.scdn.co/mp3-preview/b2a69d08bab3ef875e522318375775ce43f01683?cid=7a1d4f939a1f4e9989be940adaeb2999",13,"track","spotify:track:7fBuy1fdHEwG3mRdlHNM41","https://open.spotify.com/track/7fBuy1fdHEwG3mRdlHNM41","Fórmula, Vol. 3","B","major","B major"
"Romeo Santos","5lwmRuXgjX8xIwlnauTZIP","3kGn13mW34Ookfj6yiY8BF","album","2022-09-01",2022,"day",0.69,0.524,3,-5.552,1,0.146,0.418,4.63e-06,0.0748,0.44,125.783,"5S4aEL1BMsgLvCSt4BijHd","https://api.spotify.com/v1/audio-analysis/5S4aEL1BMsgLvCSt4BijHd",5,1,164093,FALSE,"https://api.spotify.com/v1/tracks/5S4aEL1BMsgLvCSt4BijHd",FALSE,"SIRI","https://p.scdn.co/mp3-preview/0d8d9c726926b4717c87d6dfef8decd080bb6d16?cid=7a1d4f939a1f4e9989be940adaeb2999",14,"track","spotify:track:5S4aEL1BMsgLvCSt4BijHd","https://open.spotify.com/track/5S4aEL1BMsgLvCSt4BijHd","Fórmula, Vol. 3","D#","major","D# major"
"Romeo Santos","5lwmRuXgjX8xIwlnauTZIP","3kGn13mW34Ookfj6yiY8BF","album","2022-09-01",2022,"day",0.622,0.363,10,-15.847,1,0.957,0.917,0,0.372,0.392,80.429,"1QvxgBdiJ4lQy3NGQbG78k","https://api.spotify.com/v1/audio-analysis/1QvxgBdiJ4lQy3NGQbG78k",4,1,230186,FALSE,"https://api.spotify.com/v1/tracks/1QvxgBdiJ4lQy3NGQbG78k",FALSE,"Skit - With a Special Character","https://p.scdn.co/mp3-preview/be7d843912829b1f53d6272b9b998a252820a979?cid=7a1d4f939a1f4e9989be940adaeb2999",15,"track","spotify:track:1QvxgBdiJ4lQy3NGQbG78k","https://open.spotify.com/track/1QvxgBdiJ4lQy3NGQbG78k","Fórmula, Vol. 3","A#","major","A# major"
"Romeo Santos","5lwmRuXgjX8xIwlnauTZIP","3kGn13mW34Ookfj6yiY8BF","album","2022-09-01",2022,"day",0.639,0.516,0,-4.418,1,0.0296,0.391,0,0.259,0.759,94.931,"3qx4POjFiODHPwCBjq8IEW","https://api.spotify.com/v1/audio-analysis/3qx4POjFiODHPwCBjq8IEW",4,1,191880,FALSE,"https://api.spotify.com/v1/tracks/3qx4POjFiODHPwCBjq8IEW",FALSE,"Me Extraño","https://p.scdn.co/mp3-preview/6944afe130327c918a3e14e47c0eae25dee6ccc8?cid=7a1d4f939a1f4e9989be940adaeb2999",16,"track","spotify:track:3qx4POjFiODHPwCBjq8IEW","https://open.spotify.com/track/3qx4POjFiODHPwCBjq8IEW","Fórmula, Vol. 3","C","major","C major"
"Romeo Santos","5lwmRuXgjX8xIwlnauTZIP","3kGn13mW34Ookfj6yiY8BF","album","2022-09-01",2022,"day",0.84,0.863,1,-2.979,1,0.0433,0.0981,2.21e-05,0.0805,0.96,122.997,"3DGvNJcyicD4gHoVEvH86P","https://api.spotify.com/v1/audio-analysis/3DGvNJcyicD4gHoVEvH86P",4,1,224480,FALSE,"https://api.spotify.com/v1/tracks/3DGvNJcyicD4gHoVEvH86P",FALSE,"Suegra","https://p.scdn.co/mp3-preview/afc04cf4dfdc0ce437edda1260431a3e4036c9a6?cid=7a1d4f939a1f4e9989be940adaeb2999",17,"track","spotify:track:3DGvNJcyicD4gHoVEvH86P","https://open.spotify.com/track/3DGvNJcyicD4gHoVEvH86P","Fórmula, Vol. 3","C#","major","C# major"
"Romeo Santos","5lwmRuXgjX8xIwlnauTZIP","3kGn13mW34Ookfj6yiY8BF","album","2022-09-01",2022,"day",0.581,0.787,8,-6.198,0,0.345,0.0992,0,0.304,0.589,175.678,"28guOwvKQFtDoA5MMaf01a","https://api.spotify.com/v1/audio-analysis/28guOwvKQFtDoA5MMaf01a",4,1,177440,FALSE,"https://api.spotify.com/v1/tracks/28guOwvKQFtDoA5MMaf01a",FALSE,"Culpable","https://p.scdn.co/mp3-preview/f66950924aba04b05beae22d81ad27154d0c9bf2?cid=7a1d4f939a1f4e9989be940adaeb2999",18,"track","spotify:track:28guOwvKQFtDoA5MMaf01a","https://open.spotify.com/track/28guOwvKQFtDoA5MMaf01a","Fórmula, Vol. 3","G#","minor","G# minor"
"Romeo Santos","5lwmRuXgjX8xIwlnauTZIP","3kGn13mW34Ookfj6yiY8BF","album","2022-09-01",2022,"day",0.759,0.853,9,-4.38,0,0.0436,0.0101,0,0.129,0.803,130.002,"7hpx4wsPAgsLNokB1CLT1w","https://api.spotify.com/v1/audio-analysis/7hpx4wsPAgsLNokB1CLT1w",4,1,201200,FALSE,"https://api.spotify.com/v1/tracks/7hpx4wsPAgsLNokB1CLT1w",FALSE,"R.I.P.","https://p.scdn.co/mp3-preview/682e0ed61945ccea814027ae4da11aa38aa3590d?cid=7a1d4f939a1f4e9989be940adaeb2999",19,"track","spotify:track:7hpx4wsPAgsLNokB1CLT1w","https://open.spotify.com/track/7hpx4wsPAgsLNokB1CLT1w","Fórmula, Vol. 3","A","minor","A minor"
"Romeo Santos","5lwmRuXgjX8xIwlnauTZIP","3kGn13mW34Ookfj6yiY8BF","album","2022-09-01",2022,"day",0.78,0.815,0,-3.622,1,0.0357,0.162,0,0.0847,0.967,141.979,"3kEzaHB3XXZP5bxBjvt06T","https://api.spotify.com/v1/audio-analysis/3kEzaHB3XXZP5bxBjvt06T",4,1,220280,FALSE,"https://api.spotify.com/v1/tracks/3kEzaHB3XXZP5bxBjvt06T",FALSE,"La Última Vez","https://p.scdn.co/mp3-preview/1289ebe660bb0eee17c865ed6f18824f5f05abdb?cid=7a1d4f939a1f4e9989be940adaeb2999",20,"track","spotify:track:3kEzaHB3XXZP5bxBjvt06T","https://open.spotify.com/track/3kEzaHB3XXZP5bxBjvt06T","Fórmula, Vol. 3","C","major","C major"
"Romeo Santos","5lwmRuXgjX8xIwlnauTZIP","3kGn13mW34Ookfj6yiY8BF","album","2022-09-01",2022,"day",0.467,0.7,7,-5.414,0,0.149,0.269,0,0.222,0.224,145.945,"17uRUPppKaZku4J3t2gRkT","https://api.spotify.com/v1/audio-analysis/17uRUPppKaZku4J3t2gRkT",3,1,278000,FALSE,"https://api.spotify.com/v1/tracks/17uRUPppKaZku4J3t2gRkT",FALSE,"Nirvana","https://p.scdn.co/mp3-preview/8d075ed92607b50d2e2078b8d818134639059374?cid=7a1d4f939a1f4e9989be940adaeb2999",21,"track","spotify:track:17uRUPppKaZku4J3t2gRkT","https://open.spotify.com/track/17uRUPppKaZku4J3t2gRkT","Fórmula, Vol. 3","G","minor","G minor"
"Romeo Santos","5lwmRuXgjX8xIwlnauTZIP","2JWG9FSkVSEe63zXq4d2LL","album","2021-09-10",2021,"day",0.466,0.969,9,-7.501,0,0.39,0.826,0,0.787,0.193,104.148,"10eXlCGcqm2ZUVVpdlSqr4","https://api.spotify.com/v1/audio-analysis/10eXlCGcqm2ZUVVpdlSqr4",3,1,34240,FALSE,"https://api.spotify.com/v1/tracks/10eXlCGcqm2ZUVVpdlSqr4",FALSE,"Dominicano Soy - Live From MetLife Stadium","https://p.scdn.co/mp3-preview/6c278add1b9466355e391d5d16fdf8756f4827be?cid=7a1d4f939a1f4e9989be940adaeb2999",1,"track","spotify:track:10eXlCGcqm2ZUVVpdlSqr4","https://open.spotify.com/track/10eXlCGcqm2ZUVVpdlSqr4","Utopia Live From MetLife Stadium","A","minor","A minor"
"Romeo Santos","5lwmRuXgjX8xIwlnauTZIP","2JWG9FSkVSEe63zXq4d2LL","album","2021-09-10",2021,"day",0.405,0.785,2,-11.925,0,0.0511,0.136,1.11e-05,0.336,0.806,159.887,"10SxJNJs4KelyxucxBhUdI","https://api.spotify.com/v1/audio-analysis/10SxJNJs4KelyxucxBhUdI",4,1,217506,FALSE,"https://api.spotify.com/v1/tracks/10SxJNJs4KelyxucxBhUdI",FALSE,"ileso - Live From MetLife Stadium","https://p.scdn.co/mp3-preview/d233fda47cd2b1ad87763a3868a7eed4316d8951?cid=7a1d4f939a1f4e9989be940adaeb2999",2,"track","spotify:track:10SxJNJs4KelyxucxBhUdI","https://open.spotify.com/track/10SxJNJs4KelyxucxBhUdI","Utopia Live From MetLife Stadium","D","minor","D minor"
"Romeo Santos","5lwmRuXgjX8xIwlnauTZIP","2JWG9FSkVSEe63zXq4d2LL","album","2021-09-10",2021,"day",0.602,0.725,0,-12.316,1,0.0412,0.145,0.000201,0.326,0.939,132.332,"6Z7uTStsK3VUQm37YGVu86","https://api.spotify.com/v1/audio-analysis/6Z7uTStsK3VUQm37YGVu86",4,1,147493,FALSE,"https://api.spotify.com/v1/tracks/6Z7uTStsK3VUQm37YGVu86",FALSE,"La Diabla - Live From MetLife Stadium","https://p.scdn.co/mp3-preview/2d7c51aa2d7d73920e51cb5b3cc0632ab277a5de?cid=7a1d4f939a1f4e9989be940adaeb2999",3,"track","spotify:track:6Z7uTStsK3VUQm37YGVu86","https://open.spotify.com/track/6Z7uTStsK3VUQm37YGVu86","Utopia Live From MetLife Stadium","C","major","C major"
"Romeo Santos","5lwmRuXgjX8xIwlnauTZIP","2JWG9FSkVSEe63zXq4d2LL","album","2021-09-10",2021,"day",0.569,0.621,11,-12.497,0,0.0408,0.0817,4.17e-06,0.222,0.892,139.897,"4uJbLO0W40gWmzdYj466RY","https://api.spotify.com/v1/audio-analysis/4uJbLO0W40gWmzdYj466RY",4,1,142440,FALSE,"https://api.spotify.com/v1/tracks/4uJbLO0W40gWmzdYj466RY",FALSE,"Amigo - Live From MetLife Stadium","https://p.scdn.co/mp3-preview/6590e7e699d8f7d1926e11ad0f93b2b63d5c9fa1?cid=7a1d4f939a1f4e9989be940adaeb2999",4,"track","spotify:track:4uJbLO0W40gWmzdYj466RY","https://open.spotify.com/track/4uJbLO0W40gWmzdYj466RY","Utopia Live From MetLife Stadium","B","minor","B minor"
"Romeo Santos","5lwmRuXgjX8xIwlnauTZIP","2JWG9FSkVSEe63zXq4d2LL","album","2021-09-10",2021,"day",0.599,0.645,6,-13.848,0,0.0368,0.0629,0,0.391,0.839,126.569,"1lj79Jawo65tTxlTqP0eIx","https://api.spotify.com/v1/audio-analysis/1lj79Jawo65tTxlTqP0eIx",4,1,168373,FALSE,"https://api.spotify.com/v1/tracks/1lj79Jawo65tTxlTqP0eIx",FALSE,"Eres Mía - Live From MetLife Stadium","https://p.scdn.co/mp3-preview/90c219f2def27e0473090b0c2ef5068cd10af12c?cid=7a1d4f939a1f4e9989be940adaeb2999",5,"track","spotify:track:1lj79Jawo65tTxlTqP0eIx","https://open.spotify.com/track/1lj79Jawo65tTxlTqP0eIx","Utopia Live From MetLife Stadium","F#","minor","F# minor"
"Romeo Santos","5lwmRuXgjX8xIwlnauTZIP","2JWG9FSkVSEe63zXq4d2LL","album","2021-09-10",2021,"day",0.514,0.579,8,-13.821,0,0.043,0.219,0,0.967,0.565,127.861,"2z1dbW1jLsS9L0O5GIf5JJ","https://api.spotify.com/v1/audio-analysis/2z1dbW1jLsS9L0O5GIf5JJ",4,1,233000,FALSE,"https://api.spotify.com/v1/tracks/2z1dbW1jLsS9L0O5GIf5JJ",FALSE,"Imitadora - Live From MetLife Stadium","https://p.scdn.co/mp3-preview/53eb56034e555af40c9e1f5ffcac137651569bf7?cid=7a1d4f939a1f4e9989be940adaeb2999",6,"track","spotify:track:2z1dbW1jLsS9L0O5GIf5JJ","https://open.spotify.com/track/2z1dbW1jLsS9L0O5GIf5JJ","Utopia Live From MetLife Stadium","G#","minor","G# minor"
"Romeo Santos","5lwmRuXgjX8xIwlnauTZIP","2JWG9FSkVSEe63zXq4d2LL","album","2021-09-10",2021,"day",0.576,0.646,9,-11.641,1,0.0295,0.0582,0,0.614,0.87,121.554,"6SChnmWJEEEGEaD6qVSmN1","https://api.spotify.com/v1/audio-analysis/6SChnmWJEEEGEaD6qVSmN1",4,1,233000,FALSE,"https://api.spotify.com/v1/tracks/6SChnmWJEEEGEaD6qVSmN1",FALSE,"Amor Enterrado - Live From MetLife Stadium","https://p.scdn.co/mp3-preview/7bd32b4b412fde5d805ac15c25e6df113e19075a?cid=7a1d4f939a1f4e9989be940adaeb2999",7,"track","spotify:track:6SChnmWJEEEGEaD6qVSmN1","https://open.spotify.com/track/6SChnmWJEEEGEaD6qVSmN1","Utopia Live From MetLife Stadium","A","major","A major"
"Romeo Santos","5lwmRuXgjX8xIwlnauTZIP","2JWG9FSkVSEe63zXq4d2LL","album","2021-09-10",2021,"day",0.631,0.582,2,-13.22,1,0.0327,0.167,2.43e-06,0.0966,0.872,128.765,"1grbDhSi957TzWpAFuyoVE","https://api.spotify.com/v1/audio-analysis/1grbDhSi957TzWpAFuyoVE",4,1,232000,FALSE,"https://api.spotify.com/v1/tracks/1grbDhSi957TzWpAFuyoVE",FALSE,"Millonario - Live From MetLife Stadium","https://p.scdn.co/mp3-preview/873fc304a3c925bfcc6df2c63e03cc011dc88a9d?cid=7a1d4f939a1f4e9989be940adaeb2999",8,"track","spotify:track:1grbDhSi957TzWpAFuyoVE","https://open.spotify.com/track/1grbDhSi957TzWpAFuyoVE","Utopia Live From MetLife Stadium","D","major","D major"
"Romeo Santos","5lwmRuXgjX8xIwlnauTZIP","2JWG9FSkVSEe63zXq4d2LL","album","2021-09-10",2021,"day",0.518,0.635,11,-13.429,1,0.0406,0.242,4.55e-05,0.318,0.756,134.572,"176kU0lfMM2WPShiRs4Lim","https://api.spotify.com/v1/audio-analysis/176kU0lfMM2WPShiRs4Lim",4,1,184066,FALSE,"https://api.spotify.com/v1/tracks/176kU0lfMM2WPShiRs4Lim",FALSE,"Perjurio - Live From MetLife Stadium","https://p.scdn.co/mp3-preview/14a4c495eb1f5d7461992d614b766ca856766570?cid=7a1d4f939a1f4e9989be940adaeb2999",9,"track","spotify:track:176kU0lfMM2WPShiRs4Lim","https://open.spotify.com/track/176kU0lfMM2WPShiRs4Lim","Utopia Live From MetLife Stadium","B","major","B major"
"Romeo Santos","5lwmRuXgjX8xIwlnauTZIP","2JWG9FSkVSEe63zXq4d2LL","album","2021-09-10",2021,"day",0.625,0.654,10,-12.258,1,0.0552,0.397,5.46e-06,0.464,0.856,120.745,"3icMgFd8NlqyNjCHtSc2eE","https://api.spotify.com/v1/audio-analysis/3icMgFd8NlqyNjCHtSc2eE",4,1,168120,FALSE,"https://api.spotify.com/v1/tracks/3icMgFd8NlqyNjCHtSc2eE",FALSE,"Llévame Contigo - Live From MetLife Stadium","https://p.scdn.co/mp3-preview/670b13f88da3e924bc16e6f1c2d64f8e8c6a2110?cid=7a1d4f939a1f4e9989be940adaeb2999",10,"track","spotify:track:3icMgFd8NlqyNjCHtSc2eE","https://open.spotify.com/track/3icMgFd8NlqyNjCHtSc2eE","Utopia Live From MetLife Stadium","A#","major","A# major"
"Romeo Santos","5lwmRuXgjX8xIwlnauTZIP","2JWG9FSkVSEe63zXq4d2LL","album","2021-09-10",2021,"day",0.604,0.634,2,-12.023,1,0.0321,0.0511,0,0.476,0.852,131.138,"4AMbvlGyzlYwLrHAv5evyS","https://api.spotify.com/v1/audio-analysis/4AMbvlGyzlYwLrHAv5evyS",4,1,216000,FALSE,"https://api.spotify.com/v1/tracks/4AMbvlGyzlYwLrHAv5evyS",FALSE,"Años Luz - Live From MetLife Stadium","https://p.scdn.co/mp3-preview/bd1ec9a1b1ffc33a21afaf0f377d316900eaa24d?cid=7a1d4f939a1f4e9989be940adaeb2999",11,"track","spotify:track:4AMbvlGyzlYwLrHAv5evyS","https://open.spotify.com/track/4AMbvlGyzlYwLrHAv5evyS","Utopia Live From MetLife Stadium","D","major","D major"
"Romeo Santos","5lwmRuXgjX8xIwlnauTZIP","2JWG9FSkVSEe63zXq4d2LL","album","2021-09-10",2021,"day",0.714,0.722,11,-10.471,0,0.0657,0.138,3.73e-05,0.35,0.415,123.602,"60YCMIcLrEWSmNiZYLTV7d","https://api.spotify.com/v1/audio-analysis/60YCMIcLrEWSmNiZYLTV7d",4,1,192000,FALSE,"https://api.spotify.com/v1/tracks/60YCMIcLrEWSmNiZYLTV7d",FALSE,"Propuesta Indecente - Live From MetLife Stadium","https://p.scdn.co/mp3-preview/63b10c26070894ee700eed81efab5b4ffb429d1f?cid=7a1d4f939a1f4e9989be940adaeb2999",12,"track","spotify:track:60YCMIcLrEWSmNiZYLTV7d","https://open.spotify.com/track/60YCMIcLrEWSmNiZYLTV7d","Utopia Live From MetLife Stadium","B","minor","B minor"
"Romeo Santos","5lwmRuXgjX8xIwlnauTZIP","2JWG9FSkVSEe63zXq4d2LL","album","2021-09-10",2021,"day",0.63,0.742,10,-13.083,0,0.0392,0.0675,1.05e-05,0.519,0.896,127.165,"7zMpdAAzZPaPndQnpOeTyB","https://api.spotify.com/v1/audio-analysis/7zMpdAAzZPaPndQnpOeTyB",4,1,204120,FALSE,"https://api.spotify.com/v1/tracks/7zMpdAAzZPaPndQnpOeTyB",FALSE,"Payasos - Live From MetLife Stadium","https://p.scdn.co/mp3-preview/bd672de2f3c7f57331fa05ecf1a3c1cdab18c747?cid=7a1d4f939a1f4e9989be940adaeb2999",13,"track","spotify:track:7zMpdAAzZPaPndQnpOeTyB","https://open.spotify.com/track/7zMpdAAzZPaPndQnpOeTyB","Utopia Live From MetLife Stadium","A#","minor","A# minor"
"Romeo Santos","5lwmRuXgjX8xIwlnauTZIP","2JWG9FSkVSEe63zXq4d2LL","album","2021-09-10",2021,"day",0.583,0.732,11,-11.428,0,0.0451,0.00868,2.7e-05,0.801,0.693,133.085,"1UJaUGwzastI4LbWpUdmRG","https://api.spotify.com/v1/audio-analysis/1UJaUGwzastI4LbWpUdmRG",4,1,222333,FALSE,"https://api.spotify.com/v1/tracks/1UJaUGwzastI4LbWpUdmRG",FALSE,"Canalla - Live From MetLife Stadium","https://p.scdn.co/mp3-preview/b3b5a2c16d62059363987ebdbb58d4836bab7513?cid=7a1d4f939a1f4e9989be940adaeb2999",14,"track","spotify:track:1UJaUGwzastI4LbWpUdmRG","https://open.spotify.com/track/1UJaUGwzastI4LbWpUdmRG","Utopia Live From MetLife Stadium","B","minor","B minor"
"Romeo Santos","5lwmRuXgjX8xIwlnauTZIP","2JWG9FSkVSEe63zXq4d2LL","album","2021-09-10",2021,"day",0.556,0.6,0,-12.265,0,0.0314,0.14,0,0.0946,0.736,131.977,"5wRYq4RXeZG92j1joRDZbD","https://api.spotify.com/v1/audio-analysis/5wRYq4RXeZG92j1joRDZbD",4,1,129186,FALSE,"https://api.spotify.com/v1/tracks/5wRYq4RXeZG92j1joRDZbD",FALSE,"Odio - Live From MetLife Stadium","https://p.scdn.co/mp3-preview/80e6fa4bb4a5ceef7dfe7a26573adb408fd78e17?cid=7a1d4f939a1f4e9989be940adaeb2999",15,"track","spotify:track:5wRYq4RXeZG92j1joRDZbD","https://open.spotify.com/track/5wRYq4RXeZG92j1joRDZbD","Utopia Live From MetLife Stadium","C","minor","C minor"
"Romeo Santos","5lwmRuXgjX8xIwlnauTZIP","2JWG9FSkVSEe63zXq4d2LL","album","2021-09-10",2021,"day",0.695,0.606,0,-13.326,0,0.037,0.0828,1.37e-05,0.138,0.912,121.789,"2BPLEI8JkNEVg2kUJdM3Kr","https://api.spotify.com/v1/audio-analysis/2BPLEI8JkNEVg2kUJdM3Kr",4,1,307373,FALSE,"https://api.spotify.com/v1/tracks/2BPLEI8JkNEVg2kUJdM3Kr",FALSE,"Los Últimos - Live From MetLife Stadium","https://p.scdn.co/mp3-preview/a0c0683dfd88bf0a360ad7ee73e62f1c036812ee?cid=7a1d4f939a1f4e9989be940adaeb2999",16,"track","spotify:track:2BPLEI8JkNEVg2kUJdM3Kr","https://open.spotify.com/track/2BPLEI8JkNEVg2kUJdM3Kr","Utopia Live From MetLife Stadium","C","minor","C minor"
"Romeo Santos","5lwmRuXgjX8xIwlnauTZIP","2JWG9FSkVSEe63zXq4d2LL","album","2021-09-10",2021,"day",0.504,0.564,10,-14.138,0,0.0384,0.105,3.15e-06,0.326,0.576,134.601,"34PY0YL3NRSMq46T19cjgN","https://api.spotify.com/v1/audio-analysis/34PY0YL3NRSMq46T19cjgN",4,1,188000,FALSE,"https://api.spotify.com/v1/tracks/34PY0YL3NRSMq46T19cjgN",FALSE,"Promise - Live From MetLife Stadium","https://p.scdn.co/mp3-preview/7228f9c6e6d933280603e535aac02871ba79fde0?cid=7a1d4f939a1f4e9989be940adaeb2999",17,"track","spotify:track:34PY0YL3NRSMq46T19cjgN","https://open.spotify.com/track/34PY0YL3NRSMq46T19cjgN","Utopia Live From MetLife Stadium","A#","minor","A# minor"
"Romeo Santos","5lwmRuXgjX8xIwlnauTZIP","2JWG9FSkVSEe63zXq4d2LL","album","2021-09-10",2021,"day",0.62,0.692,4,-11.527,0,0.0356,0.0142,3.54e-05,0.629,0.822,131.782,"7ATdUnO61jFWIlajt6VwB6","https://api.spotify.com/v1/audio-analysis/7ATdUnO61jFWIlajt6VwB6",4,1,206000,FALSE,"https://api.spotify.com/v1/tracks/7ATdUnO61jFWIlajt6VwB6",FALSE,"El Beso Que No Le Di - Live From MetLife Stadium","https://p.scdn.co/mp3-preview/6b521b503efac8be66486b9bead07b8d6cf229ff?cid=7a1d4f939a1f4e9989be940adaeb2999",18,"track","spotify:track:7ATdUnO61jFWIlajt6VwB6","https://open.spotify.com/track/7ATdUnO61jFWIlajt6VwB6","Utopia Live From MetLife Stadium","E","minor","E minor"
"Romeo Santos","5lwmRuXgjX8xIwlnauTZIP","2JWG9FSkVSEe63zXq4d2LL","album","2021-09-10",2021,"day",0.602,0.532,7,-12.774,1,0.0423,0.0306,0,0.912,0.837,122.165,"4wZGq0eKyrFZUKk9kX67oz","https://api.spotify.com/v1/audio-analysis/4wZGq0eKyrFZUKk9kX67oz",4,1,151880,FALSE,"https://api.spotify.com/v1/tracks/4wZGq0eKyrFZUKk9kX67oz",FALSE,"Por Mi Timidez - Live From MetLife Stadium","https://p.scdn.co/mp3-preview/3eb4adcc3b99a34671e95fa7b9e48f206f15046b?cid=7a1d4f939a1f4e9989be940adaeb2999",19,"track","spotify:track:4wZGq0eKyrFZUKk9kX67oz","https://open.spotify.com/track/4wZGq0eKyrFZUKk9kX67oz","Utopia Live From MetLife Stadium","G","major","G major"
"Romeo Santos","5lwmRuXgjX8xIwlnauTZIP","2JWG9FSkVSEe63zXq4d2LL","album","2021-09-10",2021,"day",0.61,0.696,8,-12.17,0,0.0494,0.0841,0,0.121,0.716,130.036,"5DslN2WTIeyOtx5b7JeKMH","https://api.spotify.com/v1/audio-analysis/5DslN2WTIeyOtx5b7JeKMH",4,1,310760,FALSE,"https://api.spotify.com/v1/tracks/5DslN2WTIeyOtx5b7JeKMH",FALSE,"Inmortal - Live From MetLife Stadium","https://p.scdn.co/mp3-preview/934ef5ec8f67e96434e6b7f0c4ce1e34de6b334e?cid=7a1d4f939a1f4e9989be940adaeb2999",20,"track","spotify:track:5DslN2WTIeyOtx5b7JeKMH","https://open.spotify.com/track/5DslN2WTIeyOtx5b7JeKMH","Utopia Live From MetLife Stadium","G#","minor","G# minor"
"Romeo Santos","5lwmRuXgjX8xIwlnauTZIP","1yM8iaMk4Slsqr94LabgN1","album","2019-04-05",2019,"day",0.462,0.207,9,-12.624,0,0.175,0.933,0,0.13,0.42,90.238,"4YyFPFJMrJcWdsdLPmgpiG","https://api.spotify.com/v1/audio-analysis/4YyFPFJMrJcWdsdLPmgpiG",4,1,37826,FALSE,"https://api.spotify.com/v1/tracks/4YyFPFJMrJcWdsdLPmgpiG",FALSE,"Intro","https://p.scdn.co/mp3-preview/5dbe4ab5eb7745dd1a706ab4edca88ae96569862?cid=7a1d4f939a1f4e9989be940adaeb2999",1,"track","spotify:track:4YyFPFJMrJcWdsdLPmgpiG","https://open.spotify.com/track/4YyFPFJMrJcWdsdLPmgpiG","Utopia","A","minor","A minor"
"Romeo Santos","5lwmRuXgjX8xIwlnauTZIP","1yM8iaMk4Slsqr94LabgN1","album","2019-04-05",2019,"day",0.878,0.875,11,-1.457,0,0.0452,0.146,0,0.145,0.903,130.019,"4XEXrp37kZXpQTB2r5vWbS","https://api.spotify.com/v1/audio-analysis/4XEXrp37kZXpQTB2r5vWbS",4,1,225386,FALSE,"https://api.spotify.com/v1/tracks/4XEXrp37kZXpQTB2r5vWbS",FALSE,"Canalla","https://p.scdn.co/mp3-preview/226be0b29d3def6a4e10fc5df4ca662bdf2009c4?cid=7a1d4f939a1f4e9989be940adaeb2999",2,"track","spotify:track:4XEXrp37kZXpQTB2r5vWbS","https://open.spotify.com/track/4XEXrp37kZXpQTB2r5vWbS","Utopia","B","minor","B minor"
"Romeo Santos","5lwmRuXgjX8xIwlnauTZIP","1yM8iaMk4Slsqr94LabgN1","album","2019-04-05",2019,"day",0.855,0.698,10,-4.511,0,0.0447,0.242,0,0.347,0.906,124.058,"1soECbw2IFdWt5W8Rb4uG7","https://api.spotify.com/v1/audio-analysis/1soECbw2IFdWt5W8Rb4uG7",4,1,203426,FALSE,"https://api.spotify.com/v1/tracks/1soECbw2IFdWt5W8Rb4uG7",FALSE,"Payasos","https://p.scdn.co/mp3-preview/85756ea084bcf8205498c362f5ab6a7913b158af?cid=7a1d4f939a1f4e9989be940adaeb2999",3,"track","spotify:track:1soECbw2IFdWt5W8Rb4uG7","https://open.spotify.com/track/1soECbw2IFdWt5W8Rb4uG7","Utopia","A#","minor","A# minor"
"Romeo Santos","5lwmRuXgjX8xIwlnauTZIP","1yM8iaMk4Slsqr94LabgN1","album","2019-04-05",2019,"day",0.865,0.712,6,-4.519,0,0.0397,0.102,1.21e-06,0.311,0.951,122.019,"3zVibdZHsVH05p5Crux6xX","https://api.spotify.com/v1/audio-analysis/3zVibdZHsVH05p5Crux6xX",4,1,234480,FALSE,"https://api.spotify.com/v1/tracks/3zVibdZHsVH05p5Crux6xX",FALSE,"La Demanda","https://p.scdn.co/mp3-preview/e82cb3a0f4550fafb8fd2d32f900866643ed8cab?cid=7a1d4f939a1f4e9989be940adaeb2999",4,"track","spotify:track:3zVibdZHsVH05p5Crux6xX","https://open.spotify.com/track/3zVibdZHsVH05p5Crux6xX","Utopia","F#","minor","F# minor"
"Romeo Santos","5lwmRuXgjX8xIwlnauTZIP","1yM8iaMk4Slsqr94LabgN1","album","2019-04-05",2019,"day",0.892,0.665,2,-4.188,1,0.0491,0.208,0,0.117,0.933,125.013,"0pB0CN0dxKKmZghn4gpLhj","https://api.spotify.com/v1/audio-analysis/0pB0CN0dxKKmZghn4gpLhj",4,1,239600,FALSE,"https://api.spotify.com/v1/tracks/0pB0CN0dxKKmZghn4gpLhj",FALSE,"Millonario","https://p.scdn.co/mp3-preview/32d4ee233e26699b8b0b05b4371ebe31096458d9?cid=7a1d4f939a1f4e9989be940adaeb2999",5,"track","spotify:track:0pB0CN0dxKKmZghn4gpLhj","https://open.spotify.com/track/0pB0CN0dxKKmZghn4gpLhj","Utopia","D","major","D major"
"Romeo Santos","5lwmRuXgjX8xIwlnauTZIP","1yM8iaMk4Slsqr94LabgN1","album","2019-04-05",2019,"day",0.899,0.725,4,-3.831,0,0.044,0.0611,6.1e-06,0.0928,0.961,128.034,"2kcc5humLS6PKOI9rwvXex","https://api.spotify.com/v1/audio-analysis/2kcc5humLS6PKOI9rwvXex",4,1,207480,FALSE,"https://api.spotify.com/v1/tracks/2kcc5humLS6PKOI9rwvXex",FALSE,"El Beso Que No Le Di","https://p.scdn.co/mp3-preview/1b94466c3f2e82dff2829165a613556d2ea36ee0?cid=7a1d4f939a1f4e9989be940adaeb2999",6,"track","spotify:track:2kcc5humLS6PKOI9rwvXex","https://open.spotify.com/track/2kcc5humLS6PKOI9rwvXex","Utopia","E","minor","E minor"
"Romeo Santos","5lwmRuXgjX8xIwlnauTZIP","1yM8iaMk4Slsqr94LabgN1","album","2019-04-05",2019,"day",0.747,0.827,2,-3.019,0,0.032,0.126,4.44e-05,0.0945,0.958,151.015,"2zHgz7X52WqdckhjMJj6mt","https://api.spotify.com/v1/audio-analysis/2zHgz7X52WqdckhjMJj6mt",4,1,217573,FALSE,"https://api.spotify.com/v1/tracks/2zHgz7X52WqdckhjMJj6mt",FALSE,"ileso","https://p.scdn.co/mp3-preview/37a41c0f5b44199f439dfc4c4377a730a5dc076b?cid=7a1d4f939a1f4e9989be940adaeb2999",7,"track","spotify:track:2zHgz7X52WqdckhjMJj6mt","https://open.spotify.com/track/2zHgz7X52WqdckhjMJj6mt","Utopia","D","minor","D minor"
"Romeo Santos","5lwmRuXgjX8xIwlnauTZIP","1yM8iaMk4Slsqr94LabgN1","album","2019-04-05",2019,"day",0.863,0.681,9,-2.801,1,0.0349,0.219,0,0.0827,0.963,117.976,"3cdTfwai1PtCGOd9DIBMNU","https://api.spotify.com/v1/audio-analysis/3cdTfwai1PtCGOd9DIBMNU",4,1,240880,FALSE,"https://api.spotify.com/v1/tracks/3cdTfwai1PtCGOd9DIBMNU",FALSE,"Amor Enterrado","https://p.scdn.co/mp3-preview/6671cf9da10ac83261149df4fda8ba6b6a83f28d?cid=7a1d4f939a1f4e9989be940adaeb2999",8,"track","spotify:track:3cdTfwai1PtCGOd9DIBMNU","https://open.spotify.com/track/3cdTfwai1PtCGOd9DIBMNU","Utopia","A","major","A major"
"Romeo Santos","5lwmRuXgjX8xIwlnauTZIP","1yM8iaMk4Slsqr94LabgN1","album","2019-04-05",2019,"day",0.839,0.75,1,-3.09,1,0.0341,0.242,0,0.27,0.884,128.05,"301E9bwin8Gh2PCp0doIDz","https://api.spotify.com/v1/audio-analysis/301E9bwin8Gh2PCp0doIDz",4,1,235533,FALSE,"https://api.spotify.com/v1/tracks/301E9bwin8Gh2PCp0doIDz",FALSE,"Me Quedo","https://p.scdn.co/mp3-preview/a5f8d569323f0fd77f4a93695fee79fd9bfae0de?cid=7a1d4f939a1f4e9989be940adaeb2999",9,"track","spotify:track:301E9bwin8Gh2PCp0doIDz","https://open.spotify.com/track/301E9bwin8Gh2PCp0doIDz","Utopia","C#","major","C# major"
"Romeo Santos","5lwmRuXgjX8xIwlnauTZIP","1yM8iaMk4Slsqr94LabgN1","album","2019-04-05",2019,"day",0.904,0.656,0,-3.953,0,0.0528,0.294,2.22e-06,0.108,0.868,122.056,"6Y9P646HsmJtZEE2zmgHeF","https://api.spotify.com/v1/audio-analysis/6Y9P646HsmJtZEE2zmgHeF",4,1,282853,FALSE,"https://api.spotify.com/v1/tracks/6Y9P646HsmJtZEE2zmgHeF",FALSE,"Los Últimos","https://p.scdn.co/mp3-preview/cff75e11019cc01b6599c24f62b290286d528803?cid=7a1d4f939a1f4e9989be940adaeb2999",10,"track","spotify:track:6Y9P646HsmJtZEE2zmgHeF","https://open.spotify.com/track/6Y9P646HsmJtZEE2zmgHeF","Utopia","C","minor","C minor"
"Romeo Santos","5lwmRuXgjX8xIwlnauTZIP","1yM8iaMk4Slsqr94LabgN1","album","2019-04-05",2019,"day",0.838,0.641,11,-4.301,0,0.032,0.206,0,0.123,0.915,127.988,"6hwmqR7uQhytLnJzt1RVPF","https://api.spotify.com/v1/audio-analysis/6hwmqR7uQhytLnJzt1RVPF",4,1,220320,FALSE,"https://api.spotify.com/v1/tracks/6hwmqR7uQhytLnJzt1RVPF",FALSE,"Años Luz","https://p.scdn.co/mp3-preview/476ec25b784f93c91508c4dcbe1598496be02cb9?cid=7a1d4f939a1f4e9989be940adaeb2999",11,"track","spotify:track:6hwmqR7uQhytLnJzt1RVPF","https://open.spotify.com/track/6hwmqR7uQhytLnJzt1RVPF","Utopia","B","minor","B minor"
"Romeo Santos","5lwmRuXgjX8xIwlnauTZIP","1yM8iaMk4Slsqr94LabgN1","album","2019-04-05",2019,"day",0.895,0.761,9,-3.619,1,0.0467,0.148,7.14e-06,0.115,0.953,129.988,"146PlmOKiTMNagToKXRoku","https://api.spotify.com/v1/audio-analysis/146PlmOKiTMNagToKXRoku",4,1,242760,FALSE,"https://api.spotify.com/v1/tracks/146PlmOKiTMNagToKXRoku",FALSE,"Bellas (feat. Romeo Santos)",NA,12,"track","spotify:track:146PlmOKiTMNagToKXRoku","https://open.spotify.com/track/146PlmOKiTMNagToKXRoku","Utopia","A","major","A major"
"Romeo Santos","5lwmRuXgjX8xIwlnauTZIP","1yM8iaMk4Slsqr94LabgN1","album","2019-04-05",2019,"day",0.77,0.775,8,-4.65,0,0.0349,0.178,0,0.0651,0.848,124.013,"2swZ0X1njeU32SNJeBKIfW","https://api.spotify.com/v1/audio-analysis/2swZ0X1njeU32SNJeBKIfW",4,1,256440,FALSE,"https://api.spotify.com/v1/tracks/2swZ0X1njeU32SNJeBKIfW",FALSE,"Inmortal","https://p.scdn.co/mp3-preview/13e770f3c82efd0d8e94dbd349c17c20474d05be?cid=7a1d4f939a1f4e9989be940adaeb2999",13,"track","spotify:track:2swZ0X1njeU32SNJeBKIfW","https://open.spotify.com/track/2swZ0X1njeU32SNJeBKIfW","Utopia","G#","minor","G# minor"
"Romeo Santos","5lwmRuXgjX8xIwlnauTZIP","6bm9EpUNvQ9xMglBJGRmgS","album","2017-07-21",2017,"day",0.717,0.667,4,-8.322,0,0.325,0.047,0,0.124,0.511,117.675,"3lZxLzlmc406877kYKZuW9","https://api.spotify.com/v1/audio-analysis/3lZxLzlmc406877kYKZuW9",4,1,120383,FALSE,"https://api.spotify.com/v1/tracks/3lZxLzlmc406877kYKZuW9",FALSE,"Golden Intro","https://p.scdn.co/mp3-preview/2ad865c193bbe67976223c79de940033c004a929?cid=7a1d4f939a1f4e9989be940adaeb2999",1,"track","spotify:track:3lZxLzlmc406877kYKZuW9","https://open.spotify.com/track/3lZxLzlmc406877kYKZuW9","Golden","E","minor","E minor"
"Romeo Santos","5lwmRuXgjX8xIwlnauTZIP","6bm9EpUNvQ9xMglBJGRmgS","album","2017-07-21",2017,"day",0.822,0.695,6,-7.121,0,0.0487,0.423,1.6e-06,0.204,0.787,127.006,"3cZhoRYQFqJ8B9z0AN9gJB","https://api.spotify.com/v1/audio-analysis/3cZhoRYQFqJ8B9z0AN9gJB",4,1,218565,FALSE,"https://api.spotify.com/v1/tracks/3cZhoRYQFqJ8B9z0AN9gJB",FALSE,"Tuyo","https://p.scdn.co/mp3-preview/3192549736600d982c5330f470b536016895e205?cid=7a1d4f939a1f4e9989be940adaeb2999",2,"track","spotify:track:3cZhoRYQFqJ8B9z0AN9gJB","https://open.spotify.com/track/3cZhoRYQFqJ8B9z0AN9gJB","Golden","F#","minor","F# minor"
"Romeo Santos","5lwmRuXgjX8xIwlnauTZIP","6bm9EpUNvQ9xMglBJGRmgS","album","2017-07-21",2017,"day",0.841,0.622,6,-8.129,0,0.0388,0.411,2.94e-05,0.208,0.834,130.083,"5Cgdd7ieR7DvInsOm9f9Ce","https://api.spotify.com/v1/audio-analysis/5Cgdd7ieR7DvInsOm9f9Ce",4,1,213621,FALSE,"https://api.spotify.com/v1/tracks/5Cgdd7ieR7DvInsOm9f9Ce",FALSE,"Perjurio","https://p.scdn.co/mp3-preview/42e0461b3ceb2022a289d3f9715dd0e12717560e?cid=7a1d4f939a1f4e9989be940adaeb2999",3,"track","spotify:track:5Cgdd7ieR7DvInsOm9f9Ce","https://open.spotify.com/track/5Cgdd7ieR7DvInsOm9f9Ce","Golden","F#","minor","F# minor"
"Romeo Santos","5lwmRuXgjX8xIwlnauTZIP","6bm9EpUNvQ9xMglBJGRmgS","album","2017-07-21",2017,"day",0.759,0.628,4,-7.009,0,0.0321,0.174,2.91e-05,0.191,0.725,126.956,"0XgrIYFSqB1lz1funoBBjC","https://api.spotify.com/v1/audio-analysis/0XgrIYFSqB1lz1funoBBjC",4,1,220737,FALSE,"https://api.spotify.com/v1/tracks/0XgrIYFSqB1lz1funoBBjC",FALSE,"Premio (feat. Swizz Beatz)","https://p.scdn.co/mp3-preview/833296b2b4befb90abef2726ba1dee3863f75677?cid=7a1d4f939a1f4e9989be940adaeb2999",4,"track","spotify:track:0XgrIYFSqB1lz1funoBBjC","https://open.spotify.com/track/0XgrIYFSqB1lz1funoBBjC","Golden","E","minor","E minor"
"Romeo Santos","5lwmRuXgjX8xIwlnauTZIP","6bm9EpUNvQ9xMglBJGRmgS","album","2017-07-21",2017,"day",0.731,0.675,11,-5.428,1,0.0397,0.668,0,0.16,0.753,120.963,"7feNblkR0A56vttsAGTyzK","https://api.spotify.com/v1/audio-analysis/7feNblkR0A56vttsAGTyzK",4,1,208954,FALSE,"https://api.spotify.com/v1/tracks/7feNblkR0A56vttsAGTyzK",FALSE,"Carmín (feat. Juan Luis Guerra)","https://p.scdn.co/mp3-preview/0c4357c6ad47e96b02f689f854a0775e136d457e?cid=7a1d4f939a1f4e9989be940adaeb2999",5,"track","spotify:track:7feNblkR0A56vttsAGTyzK","https://open.spotify.com/track/7feNblkR0A56vttsAGTyzK","Golden","B","major","B major"
"Romeo Santos","5lwmRuXgjX8xIwlnauTZIP","6bm9EpUNvQ9xMglBJGRmgS","album","2017-07-21",2017,"day",0.803,0.639,1,-6.281,0,0.066,0.423,0,0.172,0.835,120.019,"68py7hjoxoGSE8HEoQIIwi","https://api.spotify.com/v1/audio-analysis/68py7hjoxoGSE8HEoQIIwi",4,1,262437,TRUE,"https://api.spotify.com/v1/tracks/68py7hjoxoGSE8HEoQIIwi",FALSE,"Centavito","https://p.scdn.co/mp3-preview/01f8aeeba2d3db09c9a1913c9bdcab74ea1e4a72?cid=7a1d4f939a1f4e9989be940adaeb2999",6,"track","spotify:track:68py7hjoxoGSE8HEoQIIwi","https://open.spotify.com/track/68py7hjoxoGSE8HEoQIIwi","Golden","C#","minor","C# minor"
"Romeo Santos","5lwmRuXgjX8xIwlnauTZIP","6bm9EpUNvQ9xMglBJGRmgS","album","2017-07-21",2017,"day",0.759,0.639,4,-8.085,0,0.0511,0.207,0,0.23,0.682,128.01,"1WbXIpiGBJkCiv3hn40iPB","https://api.spotify.com/v1/audio-analysis/1WbXIpiGBJkCiv3hn40iPB",4,1,198332,FALSE,"https://api.spotify.com/v1/tracks/1WbXIpiGBJkCiv3hn40iPB",FALSE,"Sobredosis (feat. Ozuna)","https://p.scdn.co/mp3-preview/db9b6e87276b245209c93c183bde5dfd6c216bd2?cid=7a1d4f939a1f4e9989be940adaeb2999",7,"track","spotify:track:1WbXIpiGBJkCiv3hn40iPB","https://open.spotify.com/track/1WbXIpiGBJkCiv3hn40iPB","Golden","E","minor","E minor"
"Romeo Santos","5lwmRuXgjX8xIwlnauTZIP","6bm9EpUNvQ9xMglBJGRmgS","album","2017-07-21",2017,"day",0.817,0.693,8,-6.457,0,0.0749,0.625,0,0.278,0.837,125.042,"4uUxCpAWzNxpMXoUYCoERX","https://api.spotify.com/v1/audio-analysis/4uUxCpAWzNxpMXoUYCoERX",4,1,218373,FALSE,"https://api.spotify.com/v1/tracks/4uUxCpAWzNxpMXoUYCoERX",FALSE,"El Papel Part 1 (Versión Amante)","https://p.scdn.co/mp3-preview/3ffd427b84e85f22ea31d4fa537ba804f84e5a86?cid=7a1d4f939a1f4e9989be940adaeb2999",8,"track","spotify:track:4uUxCpAWzNxpMXoUYCoERX","https://open.spotify.com/track/4uUxCpAWzNxpMXoUYCoERX","Golden","G#","minor","G# minor"
"Romeo Santos","5lwmRuXgjX8xIwlnauTZIP","6bm9EpUNvQ9xMglBJGRmgS","album","2017-07-21",2017,"day",0.743,0.691,1,-7.334,1,0.065,0.466,0,0.143,0.905,127.062,"69mRPCENvW75sIG5EJcAGB","https://api.spotify.com/v1/audio-analysis/69mRPCENvW75sIG5EJcAGB",4,1,281659,FALSE,"https://api.spotify.com/v1/tracks/69mRPCENvW75sIG5EJcAGB",FALSE,"El Papel Part 2 (Versión Marido)","https://p.scdn.co/mp3-preview/468e1341069368b9eecfe93081af059edb09383a?cid=7a1d4f939a1f4e9989be940adaeb2999",9,"track","spotify:track:69mRPCENvW75sIG5EJcAGB","https://open.spotify.com/track/69mRPCENvW75sIG5EJcAGB","Golden","C#","major","C# major"
"Romeo Santos","5lwmRuXgjX8xIwlnauTZIP","6bm9EpUNvQ9xMglBJGRmgS","album","2017-07-21",2017,"day",0.635,0.713,11,-6.909,1,0.0937,0.228,0,0.0506,0.749,179.864,"0ERbK7qVqveCaBWIiYCrl3","https://api.spotify.com/v1/audio-analysis/0ERbK7qVqveCaBWIiYCrl3",4,1,204700,FALSE,"https://api.spotify.com/v1/tracks/0ERbK7qVqveCaBWIiYCrl3",FALSE,"Bella y Sensual","https://p.scdn.co/mp3-preview/8f9dde4862d9b305f2a9c2a50ea68217e541f94f?cid=7a1d4f939a1f4e9989be940adaeb2999",10,"track","spotify:track:0ERbK7qVqveCaBWIiYCrl3","https://open.spotify.com/track/0ERbK7qVqveCaBWIiYCrl3","Golden","B","major","B major"
"Romeo Santos","5lwmRuXgjX8xIwlnauTZIP","6bm9EpUNvQ9xMglBJGRmgS","album","2017-07-21",2017,"day",0.829,0.763,11,-5.123,0,0.0488,0.0648,0,0.237,0.879,124.034,"7sasRSZNmUPaHXLWndC8oj","https://api.spotify.com/v1/audio-analysis/7sasRSZNmUPaHXLWndC8oj",4,1,238974,FALSE,"https://api.spotify.com/v1/tracks/7sasRSZNmUPaHXLWndC8oj",FALSE,"Doble Filo","https://p.scdn.co/mp3-preview/a42340ed7a1fb6a74e5d34d679da34c117984b56?cid=7a1d4f939a1f4e9989be940adaeb2999",11,"track","spotify:track:7sasRSZNmUPaHXLWndC8oj","https://open.spotify.com/track/7sasRSZNmUPaHXLWndC8oj","Golden","B","minor","B minor"
"Romeo Santos","5lwmRuXgjX8xIwlnauTZIP","6bm9EpUNvQ9xMglBJGRmgS","album","2017-07-21",2017,"day",0.804,0.651,0,-8.34,0,0.0553,0.466,0,0.365,0.845,117.951,"4crny1jvLYQ6JZ4IevcxSs","https://api.spotify.com/v1/audio-analysis/4crny1jvLYQ6JZ4IevcxSs",4,1,214017,FALSE,"https://api.spotify.com/v1/tracks/4crny1jvLYQ6JZ4IevcxSs",FALSE,"Ay Bendito","https://p.scdn.co/mp3-preview/1bf9fcefbfa3e31280e161dcdb61cc94f818cb52?cid=7a1d4f939a1f4e9989be940adaeb2999",12,"track","spotify:track:4crny1jvLYQ6JZ4IevcxSs","https://open.spotify.com/track/4crny1jvLYQ6JZ4IevcxSs","Golden","C","minor","C minor"
"Romeo Santos","5lwmRuXgjX8xIwlnauTZIP","6bm9EpUNvQ9xMglBJGRmgS","album","2017-07-21",2017,"day",0.799,0.655,1,-6.34,1,0.0485,0.659,0,0.135,0.82,128.038,"6BdAwMv1YorLfkBWlE493X","https://api.spotify.com/v1/audio-analysis/6BdAwMv1YorLfkBWlE493X",4,1,239823,FALSE,"https://api.spotify.com/v1/tracks/6BdAwMv1YorLfkBWlE493X",FALSE,"Héroe Favorito","https://p.scdn.co/mp3-preview/f8cc9c042229a6b8fa06641c4722cc32d01016bb?cid=7a1d4f939a1f4e9989be940adaeb2999",13,"track","spotify:track:6BdAwMv1YorLfkBWlE493X","https://open.spotify.com/track/6BdAwMv1YorLfkBWlE493X","Golden","C#","major","C# major"
"Romeo Santos","5lwmRuXgjX8xIwlnauTZIP","6bm9EpUNvQ9xMglBJGRmgS","album","2017-07-21",2017,"day",0.796,0.602,2,-7.41,1,0.0383,0.429,0,0.357,0.852,117.959,"2ntlfmdvEAuMx5eDXypV4a","https://api.spotify.com/v1/audio-analysis/2ntlfmdvEAuMx5eDXypV4a",4,1,214124,FALSE,"https://api.spotify.com/v1/tracks/2ntlfmdvEAuMx5eDXypV4a",FALSE,"El Amigo (feat. Julio Iglesias)","https://p.scdn.co/mp3-preview/dbac6713b893435f663f52aaf02a05ef68d16a34?cid=7a1d4f939a1f4e9989be940adaeb2999",14,"track","spotify:track:2ntlfmdvEAuMx5eDXypV4a","https://open.spotify.com/track/2ntlfmdvEAuMx5eDXypV4a","Golden","D","major","D major"
"Romeo Santos","5lwmRuXgjX8xIwlnauTZIP","6bm9EpUNvQ9xMglBJGRmgS","album","2017-07-21",2017,"day",0.793,0.634,10,-6.037,0,0.0419,0.586,0,0.294,0.829,115.002,"5n09CeRGwKaxizUFx7xNK9","https://api.spotify.com/v1/audio-analysis/5n09CeRGwKaxizUFx7xNK9",4,1,237282,FALSE,"https://api.spotify.com/v1/tracks/5n09CeRGwKaxizUFx7xNK9",FALSE,"Reina de Papi","https://p.scdn.co/mp3-preview/66cbb497b7beeed32a0ea00fd5d0360eec1853d6?cid=7a1d4f939a1f4e9989be940adaeb2999",15,"track","spotify:track:5n09CeRGwKaxizUFx7xNK9","https://open.spotify.com/track/5n09CeRGwKaxizUFx7xNK9","Golden","A#","minor","A# minor"
"Romeo Santos","5lwmRuXgjX8xIwlnauTZIP","6bm9EpUNvQ9xMglBJGRmgS","album","2017-07-21",2017,"day",0.737,0.709,8,-6.889,0,0.045,0.333,0,0.289,0.556,125.997,"6r46lnXFbE9fr2d3KNaGbe","https://api.spotify.com/v1/audio-analysis/6r46lnXFbE9fr2d3KNaGbe",4,1,234828,FALSE,"https://api.spotify.com/v1/tracks/6r46lnXFbE9fr2d3KNaGbe",FALSE,"Imitadora","https://p.scdn.co/mp3-preview/27a165c3608323cd8ccfd755d79c9eff6faf0645?cid=7a1d4f939a1f4e9989be940adaeb2999",16,"track","spotify:track:6r46lnXFbE9fr2d3KNaGbe","https://open.spotify.com/track/6r46lnXFbE9fr2d3KNaGbe","Golden","G#","minor","G# minor"
"Romeo Santos","5lwmRuXgjX8xIwlnauTZIP","6bm9EpUNvQ9xMglBJGRmgS","album","2017-07-21",2017,"day",0.533,0.524,0,-5.329,1,0.0794,0.663,0,0.303,0.679,174.043,"7yZaCeloDZFlzVZhEnCUit","https://api.spotify.com/v1/audio-analysis/7yZaCeloDZFlzVZhEnCUit",3,1,202897,TRUE,"https://api.spotify.com/v1/tracks/7yZaCeloDZFlzVZhEnCUit",FALSE,"Un Vuelo A La (feat. Jessie Reyez)","https://p.scdn.co/mp3-preview/8a93e99b78259b222b9551229420ff341b21882d?cid=7a1d4f939a1f4e9989be940adaeb2999",17,"track","spotify:track:7yZaCeloDZFlzVZhEnCUit","https://open.spotify.com/track/7yZaCeloDZFlzVZhEnCUit","Golden","C","major","C major"
"Romeo Santos","5lwmRuXgjX8xIwlnauTZIP","6bm9EpUNvQ9xMglBJGRmgS","album","2017-07-21",2017,"day",0.769,0.649,8,-5.923,0,0.27,0.64,2.6e-06,0.172,0.597,106.023,"4SL5NcO2IO1wSfhKch6yHF","https://api.spotify.com/v1/audio-analysis/4SL5NcO2IO1wSfhKch6yHF",4,1,189745,TRUE,"https://api.spotify.com/v1/tracks/4SL5NcO2IO1wSfhKch6yHF",FALSE,"Sin Filtro","https://p.scdn.co/mp3-preview/e63dc7d336f5d4a022214885bc7bd9a1821a4c29?cid=7a1d4f939a1f4e9989be940adaeb2999",18,"track","spotify:track:4SL5NcO2IO1wSfhKch6yHF","https://open.spotify.com/track/4SL5NcO2IO1wSfhKch6yHF","Golden","G#","minor","G# minor"
"Romeo Santos","5lwmRuXgjX8xIwlnauTZIP","14FnVB8TQDpKxlb1hqojPV","album","2014-06-10",2014,"day",0.651,0.294,6,-17.33,1,0.221,0.636,0,0.78,0.888,123.467,"3Y3VWPGnYcXGZOaBrRIdep","https://api.spotify.com/v1/audio-analysis/3Y3VWPGnYcXGZOaBrRIdep",3,1,95125,FALSE,"https://api.spotify.com/v1/tracks/3Y3VWPGnYcXGZOaBrRIdep",FALSE,"Intro - Commentary","https://p.scdn.co/mp3-preview/255688ae87529331307534e7057c890fcd829e07?cid=7a1d4f939a1f4e9989be940adaeb2999",1,"track","spotify:track:3Y3VWPGnYcXGZOaBrRIdep","https://open.spotify.com/track/3Y3VWPGnYcXGZOaBrRIdep","Fórmula, Vol. 2: Track by Track","F#","major","F# major"
"Romeo Santos","5lwmRuXgjX8xIwlnauTZIP","14FnVB8TQDpKxlb1hqojPV","album","2014-06-10",2014,"day",0.626,0.18,11,-19.327,0,0.52,0.83,0,0.518,0.864,83.015,"02MttFGpewZWrmhDIVdekg","https://api.spotify.com/v1/audio-analysis/02MttFGpewZWrmhDIVdekg",3,1,25375,FALSE,"https://api.spotify.com/v1/tracks/02MttFGpewZWrmhDIVdekg",FALSE,"Propuesta Indecente - Commentary","https://p.scdn.co/mp3-preview/71c5b19518b7f386bd579b1c0106f76a1c406c09?cid=7a1d4f939a1f4e9989be940adaeb2999",2,"track","spotify:track:02MttFGpewZWrmhDIVdekg","https://open.spotify.com/track/02MttFGpewZWrmhDIVdekg","Fórmula, Vol. 2: Track by Track","B","minor","B minor"
"Romeo Santos","5lwmRuXgjX8xIwlnauTZIP","14FnVB8TQDpKxlb1hqojPV","album","2014-06-10",2014,"day",0.467,0.347,1,-16.821,1,0.498,0.847,0,0.25,0.823,86.092,"29iViQmIKCGt7boIFSatzF","https://api.spotify.com/v1/audio-analysis/29iViQmIKCGt7boIFSatzF",3,1,35562,FALSE,"https://api.spotify.com/v1/tracks/29iViQmIKCGt7boIFSatzF",FALSE,"Odio - Commentary","https://p.scdn.co/mp3-preview/5cea11fba140328c6cbf32ecc5a1625f7fd3185f?cid=7a1d4f939a1f4e9989be940adaeb2999",3,"track","spotify:track:29iViQmIKCGt7boIFSatzF","https://open.spotify.com/track/29iViQmIKCGt7boIFSatzF","Fórmula, Vol. 2: Track by Track","C#","major","C# major"
"Romeo Santos","5lwmRuXgjX8xIwlnauTZIP","14FnVB8TQDpKxlb1hqojPV","album","2014-06-10",2014,"day",0.613,0.334,0,-17.239,1,0.361,0.72,0,0.428,0.938,87.59,"6XC0LgT4DPtEsTeML5VooK","https://api.spotify.com/v1/audio-analysis/6XC0LgT4DPtEsTeML5VooK",4,1,29208,FALSE,"https://api.spotify.com/v1/tracks/6XC0LgT4DPtEsTeML5VooK",FALSE,"Yo También - Commentary","https://p.scdn.co/mp3-preview/c17c115760bae327e8542ed3c0cab85a746eecbe?cid=7a1d4f939a1f4e9989be940adaeb2999",4,"track","spotify:track:6XC0LgT4DPtEsTeML5VooK","https://open.spotify.com/track/6XC0LgT4DPtEsTeML5VooK","Fórmula, Vol. 2: Track by Track","C","major","C major"
"Romeo Santos","5lwmRuXgjX8xIwlnauTZIP","14FnVB8TQDpKxlb1hqojPV","album","2014-06-10",2014,"day",0.61,0.255,1,-18.427,1,0.426,0.199,0,0.359,0.856,92.884,"6wenfrqBLNCQ1H9Asnk2cC","https://api.spotify.com/v1/audio-analysis/6wenfrqBLNCQ1H9Asnk2cC",1,1,32437,FALSE,"https://api.spotify.com/v1/tracks/6wenfrqBLNCQ1H9Asnk2cC",FALSE,"Animales - Commentary","https://p.scdn.co/mp3-preview/59f367260d3969204862f04e63066081cb328811?cid=7a1d4f939a1f4e9989be940adaeb2999",5,"track","spotify:track:6wenfrqBLNCQ1H9Asnk2cC","https://open.spotify.com/track/6wenfrqBLNCQ1H9Asnk2cC","Fórmula, Vol. 2: Track by Track","C#","major","C# major"
"Romeo Santos","5lwmRuXgjX8xIwlnauTZIP","14FnVB8TQDpKxlb1hqojPV","album","2014-06-10",2014,"day",0.773,0.237,10,-19.808,0,0.174,0.486,0,0.157,0.739,115.087,"70ERntWowUAhR7aEtNq5JQ","https://api.spotify.com/v1/audio-analysis/70ERntWowUAhR7aEtNq5JQ",1,1,31962,FALSE,"https://api.spotify.com/v1/tracks/70ERntWowUAhR7aEtNq5JQ",FALSE,"Necio - Commentary","https://p.scdn.co/mp3-preview/cfc09f42a5ab774a12a38b461575060a99624f20?cid=7a1d4f939a1f4e9989be940adaeb2999",6,"track","spotify:track:70ERntWowUAhR7aEtNq5JQ","https://open.spotify.com/track/70ERntWowUAhR7aEtNq5JQ","Fórmula, Vol. 2: Track by Track","A#","minor","A# minor"
"Romeo Santos","5lwmRuXgjX8xIwlnauTZIP","14FnVB8TQDpKxlb1hqojPV","album","2014-06-10",2014,"day",0.559,0.333,7,-18.916,0,0.0977,0.768,0,0.459,0.961,123.108,"7fW5PIcsFFJbJGujWcoJxs","https://api.spotify.com/v1/audio-analysis/7fW5PIcsFFJbJGujWcoJxs",3,1,23213,FALSE,"https://api.spotify.com/v1/tracks/7fW5PIcsFFJbJGujWcoJxs",FALSE,"No Tiene la Culpa - Commentary","https://p.scdn.co/mp3-preview/c388b12545c665f204db448d0de4309f0fe73ec2?cid=7a1d4f939a1f4e9989be940adaeb2999",7,"track","spotify:track:7fW5PIcsFFJbJGujWcoJxs","https://open.spotify.com/track/7fW5PIcsFFJbJGujWcoJxs","Fórmula, Vol. 2: Track by Track","G","minor","G minor"
"Romeo Santos","5lwmRuXgjX8xIwlnauTZIP","14FnVB8TQDpKxlb1hqojPV","album","2014-06-10",2014,"day",0.459,0.207,2,-19.564,1,0.158,0.859,0,0.364,0.854,86.509,"2TR0mWf20VKMsorxKx4sTQ","https://api.spotify.com/v1/audio-analysis/2TR0mWf20VKMsorxKx4sTQ",4,1,21750,FALSE,"https://api.spotify.com/v1/tracks/2TR0mWf20VKMsorxKx4sTQ",FALSE,"Si Yo Muero - Commentary","https://p.scdn.co/mp3-preview/26547f424dabeeed6d92ab50488f4bef537067cc?cid=7a1d4f939a1f4e9989be940adaeb2999",8,"track","spotify:track:2TR0mWf20VKMsorxKx4sTQ","https://open.spotify.com/track/2TR0mWf20VKMsorxKx4sTQ","Fórmula, Vol. 2: Track by Track","D","major","D major"
"Romeo Santos","5lwmRuXgjX8xIwlnauTZIP","14FnVB8TQDpKxlb1hqojPV","album","2014-06-10",2014,"day",0.886,0.232,5,-17.005,0,0.235,0.644,0,0.388,0.985,117.337,"7GzQpCW6fI566sZhEVCiTp","https://api.spotify.com/v1/audio-analysis/7GzQpCW6fI566sZhEVCiTp",4,1,17250,FALSE,"https://api.spotify.com/v1/tracks/7GzQpCW6fI566sZhEVCiTp",FALSE,"Hilito - Commentary","https://p.scdn.co/mp3-preview/5321c44e795a14f9d5664523c6b54e9b6f1de132?cid=7a1d4f939a1f4e9989be940adaeb2999",9,"track","spotify:track:7GzQpCW6fI566sZhEVCiTp","https://open.spotify.com/track/7GzQpCW6fI566sZhEVCiTp","Fórmula, Vol. 2: Track by Track","F","minor","F minor"
"Romeo Santos","5lwmRuXgjX8xIwlnauTZIP","14FnVB8TQDpKxlb1hqojPV","album","2014-06-10",2014,"day",0.549,0.278,5,-20.217,1,0.266,0.776,0,0.202,0.751,138.509,"5IvBb1d6G17slWzak8WnKr","https://api.spotify.com/v1/audio-analysis/5IvBb1d6G17slWzak8WnKr",4,1,60000,FALSE,"https://api.spotify.com/v1/tracks/5IvBb1d6G17slWzak8WnKr",FALSE,"Inocente - Commentary","https://p.scdn.co/mp3-preview/da26193f6180f87271341c61adc0df2a941e2501?cid=7a1d4f939a1f4e9989be940adaeb2999",10,"track","spotify:track:5IvBb1d6G17slWzak8WnKr","https://open.spotify.com/track/5IvBb1d6G17slWzak8WnKr","Fórmula, Vol. 2: Track by Track","F","major","F major"
"Romeo Santos","5lwmRuXgjX8xIwlnauTZIP","14FnVB8TQDpKxlb1hqojPV","album","2014-06-10",2014,"day",0.759,0.429,9,-21.645,0,0.113,0.241,0,0.209,0.815,140.224,"5QZ4zN4LFenhCRtAEJZEwT","https://api.spotify.com/v1/audio-analysis/5QZ4zN4LFenhCRtAEJZEwT",4,1,41437,FALSE,"https://api.spotify.com/v1/tracks/5QZ4zN4LFenhCRtAEJZEwT",FALSE,"Outro - Commentary","https://p.scdn.co/mp3-preview/deaceb669ba3b01de3a72a7a3c316e46247aab0b?cid=7a1d4f939a1f4e9989be940adaeb2999",11,"track","spotify:track:5QZ4zN4LFenhCRtAEJZEwT","https://open.spotify.com/track/5QZ4zN4LFenhCRtAEJZEwT","Fórmula, Vol. 2: Track by Track","A","minor","A minor"
"Romeo Santos","5lwmRuXgjX8xIwlnauTZIP","17HsiXfqKUPoTP6Y5ebs1L","album","2014-02-25",2014,"day",0.776,0.144,0,-17.646,1,0.934,0.797,0,0.526,0.627,94.995,"5yr5jzoS8hsAY4rA9dqW7q","https://api.spotify.com/v1/audio-analysis/5yr5jzoS8hsAY4rA9dqW7q",5,1,71053,TRUE,"https://api.spotify.com/v1/tracks/5yr5jzoS8hsAY4rA9dqW7q",FALSE,"Intro - Vol. 2 (feat. Kevin Hart)","https://p.scdn.co/mp3-preview/c009f1ea11a9eb6fac3c5e877c2ec6e60c776907?cid=7a1d4f939a1f4e9989be940adaeb2999",1,"track","spotify:track:5yr5jzoS8hsAY4rA9dqW7q","https://open.spotify.com/track/5yr5jzoS8hsAY4rA9dqW7q","Fórmula, Vol. 2 (Deluxe Edition)","C","major","C major"
"Romeo Santos","5lwmRuXgjX8xIwlnauTZIP","17HsiXfqKUPoTP6Y5ebs1L","album","2014-02-25",2014,"day",0.733,0.794,5,-4.328,1,0.0447,0.359,0,0.16,0.857,140.186,"6rXvMpWJbTyhSrVWye7jPE","https://api.spotify.com/v1/audio-analysis/6rXvMpWJbTyhSrVWye7jPE",4,1,236293,FALSE,"https://api.spotify.com/v1/tracks/6rXvMpWJbTyhSrVWye7jPE",FALSE,"Inocente","https://p.scdn.co/mp3-preview/59f1a2e7c6be1a82d048d339af277d06b73dc9b9?cid=7a1d4f939a1f4e9989be940adaeb2999",2,"track","spotify:track:6rXvMpWJbTyhSrVWye7jPE","https://open.spotify.com/track/6rXvMpWJbTyhSrVWye7jPE","Fórmula, Vol. 2 (Deluxe Edition)","F","major","F major"
"Romeo Santos","5lwmRuXgjX8xIwlnauTZIP","17HsiXfqKUPoTP6Y5ebs1L","album","2014-02-25",2014,"day",0.869,0.684,1,-4.915,1,0.0456,0.362,0,0.0737,0.88,115.052,"3DKWF8is9hzp84aSxnhlag","https://api.spotify.com/v1/audio-analysis/3DKWF8is9hzp84aSxnhlag",4,1,264266,FALSE,"https://api.spotify.com/v1/tracks/3DKWF8is9hzp84aSxnhlag",FALSE,"Necio (feat. Carlos Santana)","https://p.scdn.co/mp3-preview/0ae01830651d9849bad12f9d8fcbd2caf3cd591d?cid=7a1d4f939a1f4e9989be940adaeb2999",3,"track","spotify:track:3DKWF8is9hzp84aSxnhlag","https://open.spotify.com/track/3DKWF8is9hzp84aSxnhlag","Fórmula, Vol. 2 (Deluxe Edition)","C#","major","C# major"
"Romeo Santos","5lwmRuXgjX8xIwlnauTZIP","17HsiXfqKUPoTP6Y5ebs1L","album","2014-02-25",2014,"day",0.826,0.753,11,-4.514,0,0.0482,0.189,0,0.23,0.866,135.038,"4n82bvvKnaCSbM0pXWbR1S","https://api.spotify.com/v1/audio-analysis/4n82bvvKnaCSbM0pXWbR1S",4,1,231586,FALSE,"https://api.spotify.com/v1/tracks/4n82bvvKnaCSbM0pXWbR1S",FALSE,"Amigo","https://p.scdn.co/mp3-preview/4ee5e418a02a5e7ab07f8f5e1d1097aec5634f29?cid=7a1d4f939a1f4e9989be940adaeb2999",4,"track","spotify:track:4n82bvvKnaCSbM0pXWbR1S","https://open.spotify.com/track/4n82bvvKnaCSbM0pXWbR1S","Fórmula, Vol. 2 (Deluxe Edition)","B","minor","B minor"
"Romeo Santos","5lwmRuXgjX8xIwlnauTZIP","17HsiXfqKUPoTP6Y5ebs1L","album","2014-02-25",2014,"day",0.783,0.781,4,-3.079,1,0.0419,0.574,0,0.323,0.771,125.9,"6bcdiJvYNX115yvbh3wASz","https://api.spotify.com/v1/audio-analysis/6bcdiJvYNX115yvbh3wASz",4,1,237093,FALSE,"https://api.spotify.com/v1/tracks/6bcdiJvYNX115yvbh3wASz",FALSE,"Cancioncitas de Amor","https://p.scdn.co/mp3-preview/c8179daf05c1d9e2b55c6683a0a5f24e0413f789?cid=7a1d4f939a1f4e9989be940adaeb2999",5,"track","spotify:track:6bcdiJvYNX115yvbh3wASz","https://open.spotify.com/track/6bcdiJvYNX115yvbh3wASz","Fórmula, Vol. 2 (Deluxe Edition)","E","major","E major"
"Romeo Santos","5lwmRuXgjX8xIwlnauTZIP","17HsiXfqKUPoTP6Y5ebs1L","album","2014-02-25",2014,"day",0.843,0.729,6,-3.634,0,0.0374,0.401,1.2e-06,0.206,0.903,123.046,"6I86RF3odBlcuZA9Vfjzeq","https://api.spotify.com/v1/audio-analysis/6I86RF3odBlcuZA9Vfjzeq",4,1,250640,FALSE,"https://api.spotify.com/v1/tracks/6I86RF3odBlcuZA9Vfjzeq",FALSE,"Eres Mía","https://p.scdn.co/mp3-preview/44a24690cd4e62df30d121bf648f0685c2acbf56?cid=7a1d4f939a1f4e9989be940adaeb2999",6,"track","spotify:track:6I86RF3odBlcuZA9Vfjzeq","https://open.spotify.com/track/6I86RF3odBlcuZA9Vfjzeq","Fórmula, Vol. 2 (Deluxe Edition)","F#","minor","F# minor"
"Romeo Santos","5lwmRuXgjX8xIwlnauTZIP","17HsiXfqKUPoTP6Y5ebs1L","album","2014-02-25",2014,"day",0.802,0.725,0,-5.965,0,0.0676,0.574,0,0.0821,0.598,128.04,"1iLv1ieT9BZ3qsti9yTCnG","https://api.spotify.com/v1/audio-analysis/1iLv1ieT9BZ3qsti9yTCnG",4,1,225000,FALSE,"https://api.spotify.com/v1/tracks/1iLv1ieT9BZ3qsti9yTCnG",FALSE,"Odio (feat. Drake)","https://p.scdn.co/mp3-preview/5746769fb87d59fbbe30faa713965f8de5a44b4a?cid=7a1d4f939a1f4e9989be940adaeb2999",7,"track","spotify:track:1iLv1ieT9BZ3qsti9yTCnG","https://open.spotify.com/track/1iLv1ieT9BZ3qsti9yTCnG","Fórmula, Vol. 2 (Deluxe Edition)","C","minor","C minor"
"Romeo Santos","5lwmRuXgjX8xIwlnauTZIP","17HsiXfqKUPoTP6Y5ebs1L","album","2014-02-25",2014,"day",0.872,0.726,5,-3.513,0,0.0324,0.346,0,0.114,0.875,117.012,"6CKlQHQIxhWtq7MnEJ6QCz","https://api.spotify.com/v1/audio-analysis/6CKlQHQIxhWtq7MnEJ6QCz",4,1,234760,FALSE,"https://api.spotify.com/v1/tracks/6CKlQHQIxhWtq7MnEJ6QCz",FALSE,"Hilito","https://p.scdn.co/mp3-preview/cce7bd6cdc381c611a132bb56647a2a71d9e97db?cid=7a1d4f939a1f4e9989be940adaeb2999",8,"track","spotify:track:6CKlQHQIxhWtq7MnEJ6QCz","https://open.spotify.com/track/6CKlQHQIxhWtq7MnEJ6QCz","Fórmula, Vol. 2 (Deluxe Edition)","F","minor","F minor"
"Romeo Santos","5lwmRuXgjX8xIwlnauTZIP","17HsiXfqKUPoTP6Y5ebs1L","album","2014-02-25",2014,"day",0.645,0.786,4,-4.248,0,0.0566,0.396,0,0.111,0.738,91.459,"5A9AILetvfQg3LHyX5X0pV","https://api.spotify.com/v1/audio-analysis/5A9AILetvfQg3LHyX5X0pV",4,1,306453,FALSE,"https://api.spotify.com/v1/tracks/5A9AILetvfQg3LHyX5X0pV",FALSE,"Yo También (feat. Marc Anthony)","https://p.scdn.co/mp3-preview/5547390281783c8355de35af2a96d4713c3b127b?cid=7a1d4f939a1f4e9989be940adaeb2999",9,"track","spotify:track:5A9AILetvfQg3LHyX5X0pV","https://open.spotify.com/track/5A9AILetvfQg3LHyX5X0pV","Fórmula, Vol. 2 (Deluxe Edition)","E","minor","E minor"
"Romeo Santos","5lwmRuXgjX8xIwlnauTZIP","17HsiXfqKUPoTP6Y5ebs1L","album","2014-02-25",2014,"day",0.622,0.669,10,-5.666,0,0.0786,0.45,7.02e-06,0.294,0.748,116.984,"1bTGBPtXr3SrQRTlrYcx3w","https://api.spotify.com/v1/audio-analysis/1bTGBPtXr3SrQRTlrYcx3w",4,1,235186,FALSE,"https://api.spotify.com/v1/tracks/1bTGBPtXr3SrQRTlrYcx3w",FALSE,"Fui a Jamaica","https://p.scdn.co/mp3-preview/1bbc6d6d0c0edfcd1c8ea74ee56e6cfab6d6ab23?cid=7a1d4f939a1f4e9989be940adaeb2999",10,"track","spotify:track:1bTGBPtXr3SrQRTlrYcx3w","https://open.spotify.com/track/1bTGBPtXr3SrQRTlrYcx3w","Fórmula, Vol. 2 (Deluxe Edition)","A#","minor","A# minor"
"Romeo Santos","5lwmRuXgjX8xIwlnauTZIP","17HsiXfqKUPoTP6Y5ebs1L","album","2014-02-25",2014,"day",0.827,0.747,7,-5.015,0,0.0333,0.598,0,0.137,0.913,123.034,"0beYgCC4ErBZyEUbnpdyOE","https://api.spotify.com/v1/audio-analysis/0beYgCC4ErBZyEUbnpdyOE",4,1,304146,FALSE,"https://api.spotify.com/v1/tracks/0beYgCC4ErBZyEUbnpdyOE",FALSE,"No Tiene la Culpa","https://p.scdn.co/mp3-preview/0caf007288fa4c52e2d85dc643f3127ef3ad8eeb?cid=7a1d4f939a1f4e9989be940adaeb2999",11,"track","spotify:track:0beYgCC4ErBZyEUbnpdyOE","https://open.spotify.com/track/0beYgCC4ErBZyEUbnpdyOE","Fórmula, Vol. 2 (Deluxe Edition)","G","minor","G minor"
"Romeo Santos","5lwmRuXgjX8xIwlnauTZIP","17HsiXfqKUPoTP6Y5ebs1L","album","2014-02-25",2014,"day",0.765,0.603,10,-6.423,0,0.242,0.0278,0,0.128,0.244,93.005,"1JHHPRDCXts9M7mTyVN3Ja","https://api.spotify.com/v1/audio-analysis/1JHHPRDCXts9M7mTyVN3Ja",4,1,169880,FALSE,"https://api.spotify.com/v1/tracks/1JHHPRDCXts9M7mTyVN3Ja",FALSE,"Animales (feat. Nicki Minaj)","https://p.scdn.co/mp3-preview/11b05e4bd8c47ea592c7667379ba0b8ac2c49b34?cid=7a1d4f939a1f4e9989be940adaeb2999",12,"track","spotify:track:1JHHPRDCXts9M7mTyVN3Ja","https://open.spotify.com/track/1JHHPRDCXts9M7mTyVN3Ja","Fórmula, Vol. 2 (Deluxe Edition)","A#","minor","A# minor"
"Romeo Santos","5lwmRuXgjX8xIwlnauTZIP","17HsiXfqKUPoTP6Y5ebs1L","album","2014-02-25",2014,"day",0.757,0.632,2,-6.83,1,0.0549,0.499,0,0.0723,0.742,122.936,"5PycBIeabfvX3n9ILG7Vrv","https://api.spotify.com/v1/audio-analysis/5PycBIeabfvX3n9ILG7Vrv",4,1,235133,FALSE,"https://api.spotify.com/v1/tracks/5PycBIeabfvX3n9ILG7Vrv",FALSE,"Propuesta Indecente","https://p.scdn.co/mp3-preview/517abecfde814f6ecb4459b4d2ff4c250ed80ec5?cid=7a1d4f939a1f4e9989be940adaeb2999",13,"track","spotify:track:5PycBIeabfvX3n9ILG7Vrv","https://open.spotify.com/track/5PycBIeabfvX3n9ILG7Vrv","Fórmula, Vol. 2 (Deluxe Edition)","D","major","D major"
"Romeo Santos","5lwmRuXgjX8xIwlnauTZIP","17HsiXfqKUPoTP6Y5ebs1L","album","2014-02-25",2014,"day",0.746,0.882,9,-6.936,0,0.0409,0.124,8.51e-06,0.0549,0.906,140.017,"4nH1WOx8g4KeDI0DFF3oQj","https://api.spotify.com/v1/audio-analysis/4nH1WOx8g4KeDI0DFF3oQj",4,1,245453,FALSE,"https://api.spotify.com/v1/tracks/4nH1WOx8g4KeDI0DFF3oQj",FALSE,"Obra Maestra","https://p.scdn.co/mp3-preview/45a13eac639809e4a503c8bb27d77931520a08bb?cid=7a1d4f939a1f4e9989be940adaeb2999",14,"track","spotify:track:4nH1WOx8g4KeDI0DFF3oQj","https://open.spotify.com/track/4nH1WOx8g4KeDI0DFF3oQj","Fórmula, Vol. 2 (Deluxe Edition)","A","minor","A minor"
"Romeo Santos","5lwmRuXgjX8xIwlnauTZIP","17HsiXfqKUPoTP6Y5ebs1L","album","2014-02-25",2014,"day",0.854,0.751,6,-5.243,1,0.0301,0.417,3.01e-06,0.0894,0.925,125.011,"3sTVMGhTdyyLM67WyYhYMB","https://api.spotify.com/v1/audio-analysis/3sTVMGhTdyyLM67WyYhYMB",4,1,253200,FALSE,"https://api.spotify.com/v1/tracks/3sTVMGhTdyyLM67WyYhYMB",FALSE,"7 Días","https://p.scdn.co/mp3-preview/d8ca3fa69e64605670c405773a2bff5b0792311f?cid=7a1d4f939a1f4e9989be940adaeb2999",15,"track","spotify:track:3sTVMGhTdyyLM67WyYhYMB","https://open.spotify.com/track/3sTVMGhTdyyLM67WyYhYMB","Fórmula, Vol. 2 (Deluxe Edition)","F#","major","F# major"
"Romeo Santos","5lwmRuXgjX8xIwlnauTZIP","17HsiXfqKUPoTP6Y5ebs1L","album","2014-02-25",2014,"day",0.759,0.768,2,-3.583,1,0.0578,0.717,0,0.379,0.606,113.997,"20V2XxuPtOqtbis0M7aviz","https://api.spotify.com/v1/audio-analysis/20V2XxuPtOqtbis0M7aviz",4,1,202840,TRUE,"https://api.spotify.com/v1/tracks/20V2XxuPtOqtbis0M7aviz",FALSE,"Si Yo Muero","https://p.scdn.co/mp3-preview/fc610f49f8cbbb92e742c49d262926e734cd91c7?cid=7a1d4f939a1f4e9989be940adaeb2999",16,"track","spotify:track:20V2XxuPtOqtbis0M7aviz","https://open.spotify.com/track/20V2XxuPtOqtbis0M7aviz","Fórmula, Vol. 2 (Deluxe Edition)","D","major","D major"
"Romeo Santos","5lwmRuXgjX8xIwlnauTZIP","17HsiXfqKUPoTP6Y5ebs1L","album","2014-02-25",2014,"day",0.691,0.267,5,-19.813,1,0.912,0.813,0,0.196,0.588,123.774,"6aAyRHLvqYScKRwwg8FtOv","https://api.spotify.com/v1/audio-analysis/6aAyRHLvqYScKRwwg8FtOv",3,1,141000,FALSE,"https://api.spotify.com/v1/tracks/6aAyRHLvqYScKRwwg8FtOv",FALSE,"Outro","https://p.scdn.co/mp3-preview/0a1b193e471e2ae634695a25486dc4dba86f3e5b?cid=7a1d4f939a1f4e9989be940adaeb2999",17,"track","spotify:track:6aAyRHLvqYScKRwwg8FtOv","https://open.spotify.com/track/6aAyRHLvqYScKRwwg8FtOv","Fórmula, Vol. 2 (Deluxe Edition)","F","major","F major"
"Romeo Santos","5lwmRuXgjX8xIwlnauTZIP","17HsiXfqKUPoTP6Y5ebs1L","album","2014-02-25",2014,"day",0.764,0.801,8,-4.036,0,0.101,0.463,0,0.0588,0.904,82.051,"6sDTrD5v941lbqcLP8UYHo","https://api.spotify.com/v1/audio-analysis/6sDTrD5v941lbqcLP8UYHo",4,1,230000,FALSE,"https://api.spotify.com/v1/tracks/6sDTrD5v941lbqcLP8UYHo",FALSE,"Trust (feat. Tego Calderón)","https://p.scdn.co/mp3-preview/9f7731ececd57b7092769d5d1b5c5fe6527dc2b0?cid=7a1d4f939a1f4e9989be940adaeb2999",18,"track","spotify:track:6sDTrD5v941lbqcLP8UYHo","https://open.spotify.com/track/6sDTrD5v941lbqcLP8UYHo","Fórmula, Vol. 2 (Deluxe Edition)","G#","minor","G# minor"
"Romeo Santos","5lwmRuXgjX8xIwlnauTZIP","17HsiXfqKUPoTP6Y5ebs1L","album","2014-02-25",2014,"day",0.611,0.238,9,-12.078,0,0.0611,0.93,0,0.124,0.653,135.388,"4gkBBHsO2VCIylKhCdlxKg","https://api.spotify.com/v1/audio-analysis/4gkBBHsO2VCIylKhCdlxKg",4,1,94066,FALSE,"https://api.spotify.com/v1/tracks/4gkBBHsO2VCIylKhCdlxKg",FALSE,"Mami","https://p.scdn.co/mp3-preview/c9bf7cb2578d9602e7f870cf2f715ad60620d563?cid=7a1d4f939a1f4e9989be940adaeb2999",19,"track","spotify:track:4gkBBHsO2VCIylKhCdlxKg","https://open.spotify.com/track/4gkBBHsO2VCIylKhCdlxKg","Fórmula, Vol. 2 (Deluxe Edition)","A","minor","A minor"
"Romeo Santos","5lwmRuXgjX8xIwlnauTZIP","1AKN4ZhJ3pdKQXCS4CNQRT","album","2012-11-06",2012,"day",0.626,0.849,0,-6.414,1,0.0364,0.116,7.86e-06,0.335,0.662,134.269,"4w5COSx5k82xKpkdJJFBjK","https://api.spotify.com/v1/audio-analysis/4w5COSx5k82xKpkdJJFBjK",4,1,240906,FALSE,"https://api.spotify.com/v1/tracks/4w5COSx5k82xKpkdJJFBjK",FALSE,"You - Live - The King Stays King Version","https://p.scdn.co/mp3-preview/adbf915d45c25c28c920a089bb0b26246e91ae8f?cid=7a1d4f939a1f4e9989be940adaeb2999",1,"track","spotify:track:4w5COSx5k82xKpkdJJFBjK","https://open.spotify.com/track/4w5COSx5k82xKpkdJJFBjK","The King Stays King - Sold Out at Madison Square Garden","C","major","C major"
"Romeo Santos","5lwmRuXgjX8xIwlnauTZIP","1AKN4ZhJ3pdKQXCS4CNQRT","album","2012-11-06",2012,"day",0.664,0.896,0,-5.626,1,0.0417,0.138,0,0.569,0.829,131.468,"7DDVFC3pRnN01SSbuHHb2y","https://api.spotify.com/v1/audio-analysis/7DDVFC3pRnN01SSbuHHb2y",4,1,224880,FALSE,"https://api.spotify.com/v1/tracks/7DDVFC3pRnN01SSbuHHb2y",FALSE,"La Diabla - Live - The King Stays King Version","https://p.scdn.co/mp3-preview/0cd6e2af0ef4a5eeddc738ff687a7eb70e46ea06?cid=7a1d4f939a1f4e9989be940adaeb2999",2,"track","spotify:track:7DDVFC3pRnN01SSbuHHb2y","https://open.spotify.com/track/7DDVFC3pRnN01SSbuHHb2y","The King Stays King - Sold Out at Madison Square Garden","C","major","C major"
"Romeo Santos","5lwmRuXgjX8xIwlnauTZIP","1AKN4ZhJ3pdKQXCS4CNQRT","album","2012-11-06",2012,"day",0.426,0.897,6,-5.268,0,0.0577,0.0957,0,0.373,0.731,146.465,"1X1DsLPm00DUq0sSAreASF","https://api.spotify.com/v1/audio-analysis/1X1DsLPm00DUq0sSAreASF",4,1,245520,FALSE,"https://api.spotify.com/v1/tracks/1X1DsLPm00DUq0sSAreASF",FALSE,"Malevo - Live - The King Stays King Version","https://p.scdn.co/mp3-preview/b66adcc22c74a6c0bd6c98c5039cd3526912ff47?cid=7a1d4f939a1f4e9989be940adaeb2999",3,"track","spotify:track:1X1DsLPm00DUq0sSAreASF","https://open.spotify.com/track/1X1DsLPm00DUq0sSAreASF","The King Stays King - Sold Out at Madison Square Garden","F#","minor","F# minor"
"Romeo Santos","5lwmRuXgjX8xIwlnauTZIP","1AKN4ZhJ3pdKQXCS4CNQRT","album","2012-11-06",2012,"day",0.436,0.903,10,-5.646,1,0.0541,0.242,0,0.933,0.501,136.631,"6m8MjvWpR9kjtrYD2XYGSC","https://api.spotify.com/v1/audio-analysis/6m8MjvWpR9kjtrYD2XYGSC",4,1,166680,FALSE,"https://api.spotify.com/v1/tracks/6m8MjvWpR9kjtrYD2XYGSC",FALSE,"Por Un Segundo - Live - The King Stays King Version","https://p.scdn.co/mp3-preview/f00072c9c618e1b532be9bc999aa7c1790497a7d?cid=7a1d4f939a1f4e9989be940adaeb2999",4,"track","spotify:track:6m8MjvWpR9kjtrYD2XYGSC","https://open.spotify.com/track/6m8MjvWpR9kjtrYD2XYGSC","The King Stays King - Sold Out at Madison Square Garden","A#","major","A# major"
"Romeo Santos","5lwmRuXgjX8xIwlnauTZIP","1AKN4ZhJ3pdKQXCS4CNQRT","album","2012-11-06",2012,"day",0.667,0.846,11,-5.101,0,0.0402,0.166,0,0.792,0.734,128.736,"4NHSdJv1FlAAk5b6DJXwCV","https://api.spotify.com/v1/audio-analysis/4NHSdJv1FlAAk5b6DJXwCV",4,1,235426,FALSE,"https://api.spotify.com/v1/tracks/4NHSdJv1FlAAk5b6DJXwCV",FALSE,"Que Se Mueran - Live - The King Stays King Version","https://p.scdn.co/mp3-preview/bdbde079a44725e37d6ffd2cb56af70b66ac1fae?cid=7a1d4f939a1f4e9989be940adaeb2999",5,"track","spotify:track:4NHSdJv1FlAAk5b6DJXwCV","https://open.spotify.com/track/4NHSdJv1FlAAk5b6DJXwCV","The King Stays King - Sold Out at Madison Square Garden","B","minor","B minor"
"Romeo Santos","5lwmRuXgjX8xIwlnauTZIP","1AKN4ZhJ3pdKQXCS4CNQRT","album","2012-11-06",2012,"day",0.64,0.962,0,-4.932,1,0.0367,0.179,0,0.796,0.643,126.477,"3svX5uCqmrTWjWPMkKkegi","https://api.spotify.com/v1/audio-analysis/3svX5uCqmrTWjWPMkKkegi",4,1,232800,FALSE,"https://api.spotify.com/v1/tracks/3svX5uCqmrTWjWPMkKkegi",FALSE,"Su Veneno - Live - The King Stays King Version","https://p.scdn.co/mp3-preview/d4c4a71fb989ff4522893b7028db8fa526c76d20?cid=7a1d4f939a1f4e9989be940adaeb2999",6,"track","spotify:track:3svX5uCqmrTWjWPMkKkegi","https://open.spotify.com/track/3svX5uCqmrTWjWPMkKkegi","The King Stays King - Sold Out at Madison Square Garden","C","major","C major"
"Romeo Santos","5lwmRuXgjX8xIwlnauTZIP","1AKN4ZhJ3pdKQXCS4CNQRT","album","2012-11-06",2012,"day",0.618,0.935,1,-5.488,0,0.0549,0.239,0,0.906,0.672,133.047,"66w4W0qsAHc7A9wosYJ7GU","https://api.spotify.com/v1/audio-analysis/66w4W0qsAHc7A9wosYJ7GU",4,1,244533,FALSE,"https://api.spotify.com/v1/tracks/66w4W0qsAHc7A9wosYJ7GU",FALSE,"Mi Corazoncito - Live - The King Stays King Version","https://p.scdn.co/mp3-preview/4833199d2e1d098f59d3b38fdfe7496d56bdebf7?cid=7a1d4f939a1f4e9989be940adaeb2999",7,"track","spotify:track:66w4W0qsAHc7A9wosYJ7GU","https://open.spotify.com/track/66w4W0qsAHc7A9wosYJ7GU","The King Stays King - Sold Out at Madison Square Garden","C#","minor","C# minor"
"Romeo Santos","5lwmRuXgjX8xIwlnauTZIP","1AKN4ZhJ3pdKQXCS4CNQRT","album","2012-11-06",2012,"day",0.561,0.863,0,-5.38,1,0.0357,0.098,0,0.941,0.64,137.192,"1QbAYECZfQYECEFth6VmpY","https://api.spotify.com/v1/audio-analysis/1QbAYECZfQYECEFth6VmpY",4,1,295293,FALSE,"https://api.spotify.com/v1/tracks/1QbAYECZfQYECEFth6VmpY",FALSE,"Debate De 4 (feat. Anthony ""El Mayimbe"" Santos & Luis Vargas) - Live - The King Stays King Version","https://p.scdn.co/mp3-preview/1caa6054a9f7a79bfced6ec16e1dcfae5beedc73?cid=7a1d4f939a1f4e9989be940adaeb2999",8,"track","spotify:track:1QbAYECZfQYECEFth6VmpY","https://open.spotify.com/track/1QbAYECZfQYECEFth6VmpY","The King Stays King - Sold Out at Madison Square Garden","C","major","C major"
"Romeo Santos","5lwmRuXgjX8xIwlnauTZIP","1AKN4ZhJ3pdKQXCS4CNQRT","album","2012-11-06",2012,"day",0.615,0.904,1,-6.184,0,0.0844,0.0346,0,0.86,0.0785,121.985,"0ERoTpsNnxNsXMSX0eEw9h","https://api.spotify.com/v1/audio-analysis/0ERoTpsNnxNsXMSX0eEw9h",4,1,228786,FALSE,"https://api.spotify.com/v1/tracks/0ERoTpsNnxNsXMSX0eEw9h",FALSE,"Magia Negra - Live - The King Stays King Version","https://p.scdn.co/mp3-preview/f3a14aaeda351199cf2405c45173d33384a9548d?cid=7a1d4f939a1f4e9989be940adaeb2999",9,"track","spotify:track:0ERoTpsNnxNsXMSX0eEw9h","https://open.spotify.com/track/0ERoTpsNnxNsXMSX0eEw9h","The King Stays King - Sold Out at Madison Square Garden","C#","minor","C# minor"
"Romeo Santos","5lwmRuXgjX8xIwlnauTZIP","1AKN4ZhJ3pdKQXCS4CNQRT","album","2012-11-06",2012,"day",0.562,0.858,5,-7.57,0,0.0529,0.226,0,0.363,0.557,122.983,"022RWFPKQlioYu49mzBmgh","https://api.spotify.com/v1/audio-analysis/022RWFPKQlioYu49mzBmgh",4,1,255893,FALSE,"https://api.spotify.com/v1/tracks/022RWFPKQlioYu49mzBmgh",FALSE,"Soberbio - Live - The King Stays King Version","https://p.scdn.co/mp3-preview/54e893565b8d74109d80a0a709bdd0e39e777864?cid=7a1d4f939a1f4e9989be940adaeb2999",10,"track","spotify:track:022RWFPKQlioYu49mzBmgh","https://open.spotify.com/track/022RWFPKQlioYu49mzBmgh","The King Stays King - Sold Out at Madison Square Garden","F","minor","F minor"
"Romeo Santos","5lwmRuXgjX8xIwlnauTZIP","1AKN4ZhJ3pdKQXCS4CNQRT","album","2012-11-06",2012,"day",0.651,0.808,7,-6.525,0,0.04,0.214,0,0.35,0.718,124.025,"3WuZdHdCmxqX6Fl3s4oldh","https://api.spotify.com/v1/audio-analysis/3WuZdHdCmxqX6Fl3s4oldh",4,1,229133,FALSE,"https://api.spotify.com/v1/tracks/3WuZdHdCmxqX6Fl3s4oldh",FALSE,"Llévame Contigo - Live - The King Stays King Version","https://p.scdn.co/mp3-preview/a817e9ea519a17c0b9af9ea2d5d55b94ccffd908?cid=7a1d4f939a1f4e9989be940adaeb2999",11,"track","spotify:track:3WuZdHdCmxqX6Fl3s4oldh","https://open.spotify.com/track/3WuZdHdCmxqX6Fl3s4oldh","The King Stays King - Sold Out at Madison Square Garden","G","minor","G minor"
"Romeo Santos","5lwmRuXgjX8xIwlnauTZIP","1AKN4ZhJ3pdKQXCS4CNQRT","album","2012-11-06",2012,"day",0.636,0.821,4,-6.4,0,0.0355,0.156,0,0.429,0.638,123.867,"6KWVWLm64CivMscCs5f2Bi","https://api.spotify.com/v1/audio-analysis/6KWVWLm64CivMscCs5f2Bi",4,1,227826,FALSE,"https://api.spotify.com/v1/tracks/6KWVWLm64CivMscCs5f2Bi",FALSE,"La Bella Y La Bestia - Live - The King Stays King Version","https://p.scdn.co/mp3-preview/be2686fed5735e05293a45ca91b4e72c6ef7d41b?cid=7a1d4f939a1f4e9989be940adaeb2999",12,"track","spotify:track:6KWVWLm64CivMscCs5f2Bi","https://open.spotify.com/track/6KWVWLm64CivMscCs5f2Bi","The King Stays King - Sold Out at Madison Square Garden","E","minor","E minor"
"Romeo Santos","5lwmRuXgjX8xIwlnauTZIP","1AKN4ZhJ3pdKQXCS4CNQRT","album","2012-11-06",2012,"day",0.455,0.891,1,-5.693,1,0.0437,0.199,0,0.93,0.668,130.864,"2I6xm8rkhLF5SfcsHKN3F0","https://api.spotify.com/v1/audio-analysis/2I6xm8rkhLF5SfcsHKN3F0",4,1,505253,FALSE,"https://api.spotify.com/v1/tracks/2I6xm8rkhLF5SfcsHKN3F0",FALSE,"Medley: La Película/Enséñame A Olvidar/Todavía Me Amas - Live - The King Stays King Version","https://p.scdn.co/mp3-preview/1852ec62389f3a5294c498174dd62ec980bb5552?cid=7a1d4f939a1f4e9989be940adaeb2999",13,"track","spotify:track:2I6xm8rkhLF5SfcsHKN3F0","https://open.spotify.com/track/2I6xm8rkhLF5SfcsHKN3F0","The King Stays King - Sold Out at Madison Square Garden","C#","major","C# major"
"Romeo Santos","5lwmRuXgjX8xIwlnauTZIP","1AKN4ZhJ3pdKQXCS4CNQRT","album","2012-11-06",2012,"day",0.528,0.374,0,-7.98,0,0.0365,0.786,0,0.39,0.465,119.314,"5h93UvuJJOomN1t7UVCrT8","https://api.spotify.com/v1/audio-analysis/5h93UvuJJOomN1t7UVCrT8",4,1,184333,FALSE,"https://api.spotify.com/v1/tracks/5h93UvuJJOomN1t7UVCrT8",FALSE,"Vale La Pena El Placer - Live - The King Stays King Version","https://p.scdn.co/mp3-preview/43af1aa2d9313a81c3f150f8f61ef85591e6159f?cid=7a1d4f939a1f4e9989be940adaeb2999",14,"track","spotify:track:5h93UvuJJOomN1t7UVCrT8","https://open.spotify.com/track/5h93UvuJJOomN1t7UVCrT8","The King Stays King - Sold Out at Madison Square Garden","C","minor","C minor"
"Romeo Santos","5lwmRuXgjX8xIwlnauTZIP","1AKN4ZhJ3pdKQXCS4CNQRT","album","2012-11-06",2012,"day",0.364,0.593,7,-9.23,1,0.051,0.289,0,0.937,0.269,169.853,"1Km2OtR2mw4xGAOI5dhCP7","https://api.spotify.com/v1/audio-analysis/1Km2OtR2mw4xGAOI5dhCP7",4,1,192040,FALSE,"https://api.spotify.com/v1/tracks/1Km2OtR2mw4xGAOI5dhCP7",FALSE,"Medley: Rival/All Aboard - Live - The King Stays King Version","https://p.scdn.co/mp3-preview/a8d49b567679fdfb2f2df493f1360be70fb0f637?cid=7a1d4f939a1f4e9989be940adaeb2999",15,"track","spotify:track:1Km2OtR2mw4xGAOI5dhCP7","https://open.spotify.com/track/1Km2OtR2mw4xGAOI5dhCP7","The King Stays King - Sold Out at Madison Square Garden","G","major","G major"
"Romeo Santos","5lwmRuXgjX8xIwlnauTZIP","1AKN4ZhJ3pdKQXCS4CNQRT","album","2012-11-06",2012,"day",0.551,0.932,2,-6.75,1,0.138,0.101,0,0.974,0.267,92.037,"2Y4K2Pa53WUbHpqNz3vtAf","https://api.spotify.com/v1/audio-analysis/2Y4K2Pa53WUbHpqNz3vtAf",4,1,222786,FALSE,"https://api.spotify.com/v1/tracks/2Y4K2Pa53WUbHpqNz3vtAf",FALSE,"Noche De Sexo (feat. Wisin & Yandel) - Live - The King Stays King Version","https://p.scdn.co/mp3-preview/24393345d39150d77b32c48d6b2fe1f07f6151fd?cid=7a1d4f939a1f4e9989be940adaeb2999",16,"track","spotify:track:2Y4K2Pa53WUbHpqNz3vtAf","https://open.spotify.com/track/2Y4K2Pa53WUbHpqNz3vtAf","The King Stays King - Sold Out at Madison Square Garden","D","major","D major"
"Romeo Santos","5lwmRuXgjX8xIwlnauTZIP","1AKN4ZhJ3pdKQXCS4CNQRT","album","2012-11-06",2012,"day",0.559,0.82,10,-6.772,0,0.0513,0.305,0,0.526,0.332,130.03,"5WKhREKFX7N4Sk8L2txce5","https://api.spotify.com/v1/audio-analysis/5WKhREKFX7N4Sk8L2txce5",4,1,237586,FALSE,"https://api.spotify.com/v1/tracks/5WKhREKFX7N4Sk8L2txce5",FALSE,"Mi Santa - Live - The King Stays King Version","https://p.scdn.co/mp3-preview/271b3c6b6303183057ab21abe98c4a6641009d08?cid=7a1d4f939a1f4e9989be940adaeb2999",17,"track","spotify:track:5WKhREKFX7N4Sk8L2txce5","https://open.spotify.com/track/5WKhREKFX7N4Sk8L2txce5","The King Stays King - Sold Out at Madison Square Garden","A#","minor","A# minor"
"Romeo Santos","5lwmRuXgjX8xIwlnauTZIP","1AKN4ZhJ3pdKQXCS4CNQRT","album","2012-11-06",2012,"day",0.537,0.883,10,-7.02,0,0.0477,0.101,0,0.159,0.648,133.198,"1FuFob2JN3wj0AbkXTz7Rl","https://api.spotify.com/v1/audio-analysis/1FuFob2JN3wj0AbkXTz7Rl",4,1,555733,FALSE,"https://api.spotify.com/v1/tracks/1FuFob2JN3wj0AbkXTz7Rl",FALSE,"Promise (feat. Usher) - Live - The King Stays King Version","https://p.scdn.co/mp3-preview/9f4d056db49c655320ff281181ab44e85928895e?cid=7a1d4f939a1f4e9989be940adaeb2999",18,"track","spotify:track:1FuFob2JN3wj0AbkXTz7Rl","https://open.spotify.com/track/1FuFob2JN3wj0AbkXTz7Rl","The King Stays King - Sold Out at Madison Square Garden","A#","minor","A# minor"
"Romeo Santos","5lwmRuXgjX8xIwlnauTZIP","6a3RDPcFamZvFCi8VeXWkK","album","2012-08-27",2012,"day",0.556,0.215,9,-16.619,0,0.107,0.569,0,0.109,0.317,118.312,"1CWW6APq6JTrlFXwUfgNEq","https://api.spotify.com/v1/audio-analysis/1CWW6APq6JTrlFXwUfgNEq",4,1,131773,FALSE,"https://api.spotify.com/v1/tracks/1CWW6APq6JTrlFXwUfgNEq",FALSE,"Intro (Fórmula) (feat. George Lopez)","https://p.scdn.co/mp3-preview/ede63114b0906d11e4d5615b0afcbbae009c99b2?cid=7a1d4f939a1f4e9989be940adaeb2999",1,"track","spotify:track:1CWW6APq6JTrlFXwUfgNEq","https://open.spotify.com/track/1CWW6APq6JTrlFXwUfgNEq","Fórmula Vol. 1 (Deluxe Edition)","A","minor","A minor"
"Romeo Santos","5lwmRuXgjX8xIwlnauTZIP","6a3RDPcFamZvFCi8VeXWkK","album","2012-08-27",2012,"day",0.859,0.747,0,-4.176,1,0.0623,0.461,1.14e-06,0.34,0.882,124.966,"252UPuQsncbBFhTrx4Ytcc","https://api.spotify.com/v1/audio-analysis/252UPuQsncbBFhTrx4Ytcc",4,1,239026,FALSE,"https://api.spotify.com/v1/tracks/252UPuQsncbBFhTrx4Ytcc",FALSE,"La Diabla","https://p.scdn.co/mp3-preview/f8c59f5fde813d119078c4f4a6ffea883a0948b6?cid=7a1d4f939a1f4e9989be940adaeb2999",2,"track","spotify:track:252UPuQsncbBFhTrx4Ytcc","https://open.spotify.com/track/252UPuQsncbBFhTrx4Ytcc","Fórmula Vol. 1 (Deluxe Edition)","C","major","C major"
"Romeo Santos","5lwmRuXgjX8xIwlnauTZIP","6a3RDPcFamZvFCi8VeXWkK","album","2012-08-27",2012,"day",0.775,0.691,11,-4.828,0,0.038,0.548,0,0.3,0.855,120.11,"7FrPSk0rZdCPR50pfzdzMK","https://api.spotify.com/v1/audio-analysis/7FrPSk0rZdCPR50pfzdzMK",4,1,250560,FALSE,"https://api.spotify.com/v1/tracks/7FrPSk0rZdCPR50pfzdzMK",FALSE,"Que Se Mueran","https://p.scdn.co/mp3-preview/8cd30d1daf247b0d3bf828bb6c951c166c11bb77?cid=7a1d4f939a1f4e9989be940adaeb2999",3,"track","spotify:track:7FrPSk0rZdCPR50pfzdzMK","https://open.spotify.com/track/7FrPSk0rZdCPR50pfzdzMK","Fórmula Vol. 1 (Deluxe Edition)","B","minor","B minor"
"Romeo Santos","5lwmRuXgjX8xIwlnauTZIP","6a3RDPcFamZvFCi8VeXWkK","album","2012-08-27",2012,"day",0.813,0.694,7,-5.092,0,0.0319,0.602,1.37e-06,0.0919,0.92,119.079,"0uLwWjN1KFO678WNJcZDkw","https://api.spotify.com/v1/audio-analysis/0uLwWjN1KFO678WNJcZDkw",4,1,226400,FALSE,"https://api.spotify.com/v1/tracks/0uLwWjN1KFO678WNJcZDkw",FALSE,"Llévame Contigo","https://p.scdn.co/mp3-preview/a85b2060d8096a7d7900f1bdb0896c919d67231b?cid=7a1d4f939a1f4e9989be940adaeb2999",4,"track","spotify:track:0uLwWjN1KFO678WNJcZDkw","https://open.spotify.com/track/0uLwWjN1KFO678WNJcZDkw","Fórmula Vol. 1 (Deluxe Edition)","G","minor","G minor"
"Romeo Santos","5lwmRuXgjX8xIwlnauTZIP","6a3RDPcFamZvFCi8VeXWkK","album","2012-08-27",2012,"day",0.739,0.701,10,-5.542,0,0.0516,0.592,0,0.116,0.633,128.022,"4EbAftNM732UGLF8gmIIsX","https://api.spotify.com/v1/audio-analysis/4EbAftNM732UGLF8gmIIsX",4,1,231226,FALSE,"https://api.spotify.com/v1/tracks/4EbAftNM732UGLF8gmIIsX",FALSE,"Mi Santa (feat. Tomatito)","https://p.scdn.co/mp3-preview/99c410820cbc75eb652f93672634076944ea0fb2?cid=7a1d4f939a1f4e9989be940adaeb2999",5,"track","spotify:track:4EbAftNM732UGLF8gmIIsX","https://open.spotify.com/track/4EbAftNM732UGLF8gmIIsX","Fórmula Vol. 1 (Deluxe Edition)","A#","minor","A# minor"
"Romeo Santos","5lwmRuXgjX8xIwlnauTZIP","6a3RDPcFamZvFCi8VeXWkK","album","2012-08-27",2012,"day",0.764,0.739,1,-6.422,1,0.0574,0.403,0,0.0821,0.77,132.995,"0jr6tT2vc4cIFPHb6wufG3","https://api.spotify.com/v1/audio-analysis/0jr6tT2vc4cIFPHb6wufG3",4,1,252253,FALSE,"https://api.spotify.com/v1/tracks/0jr6tT2vc4cIFPHb6wufG3",FALSE,"Promise (feat. Usher)","https://p.scdn.co/mp3-preview/60f8555a10c67bb6801f9ea842ba5d262e3b6645?cid=7a1d4f939a1f4e9989be940adaeb2999",6,"track","spotify:track:0jr6tT2vc4cIFPHb6wufG3","https://open.spotify.com/track/0jr6tT2vc4cIFPHb6wufG3","Fórmula Vol. 1 (Deluxe Edition)","C#","major","C# major"
"Romeo Santos","5lwmRuXgjX8xIwlnauTZIP","6a3RDPcFamZvFCi8VeXWkK","album","2012-08-27",2012,"day",0.464,0.805,7,-3.967,1,0.27,0.134,0,0.272,0.353,121.705,"6bASrkbE4U2NqxNSgl2Gez","https://api.spotify.com/v1/audio-analysis/6bASrkbE4U2NqxNSgl2Gez",4,1,224906,FALSE,"https://api.spotify.com/v1/tracks/6bASrkbE4U2NqxNSgl2Gez",FALSE,"Magia Negra (feat. Mala Rodríguez)","https://p.scdn.co/mp3-preview/26dffb454e88c5078c7f7c9fcaa3f45790624bf9?cid=7a1d4f939a1f4e9989be940adaeb2999",7,"track","spotify:track:6bASrkbE4U2NqxNSgl2Gez","https://open.spotify.com/track/6bASrkbE4U2NqxNSgl2Gez","Fórmula Vol. 1 (Deluxe Edition)","G","major","G major"
"Romeo Santos","5lwmRuXgjX8xIwlnauTZIP","6a3RDPcFamZvFCi8VeXWkK","album","2012-08-27",2012,"day",0.751,0.665,5,-5.156,0,0.0432,0.5,0,0.0801,0.766,118.011,"6hV6EpITzeBa1mzq5tvqpj","https://api.spotify.com/v1/audio-analysis/6hV6EpITzeBa1mzq5tvqpj",4,1,242333,FALSE,"https://api.spotify.com/v1/tracks/6hV6EpITzeBa1mzq5tvqpj",FALSE,"Soberbio","https://p.scdn.co/mp3-preview/d3736676564a0c47881f7cc5e1c9e370a43c48f2?cid=7a1d4f939a1f4e9989be940adaeb2999",8,"track","spotify:track:6hV6EpITzeBa1mzq5tvqpj","https://open.spotify.com/track/6hV6EpITzeBa1mzq5tvqpj","Fórmula Vol. 1 (Deluxe Edition)","F","minor","F minor"
"Romeo Santos","5lwmRuXgjX8xIwlnauTZIP","6a3RDPcFamZvFCi8VeXWkK","album","2012-08-27",2012,"day",0.589,0.536,6,-8.705,1,0.24,0.83,0,0.686,0.847,110.977,"6oX3bKrl5871KrltZqrcut","https://api.spotify.com/v1/audio-analysis/6oX3bKrl5871KrltZqrcut",4,1,94280,FALSE,"https://api.spotify.com/v1/tracks/6oX3bKrl5871KrltZqrcut",FALSE,"Skit (La Discusión)","https://p.scdn.co/mp3-preview/7c170d2345b974bf269a887f70e44c396910baef?cid=7a1d4f939a1f4e9989be940adaeb2999",9,"track","spotify:track:6oX3bKrl5871KrltZqrcut","https://open.spotify.com/track/6oX3bKrl5871KrltZqrcut","Fórmula Vol. 1 (Deluxe Edition)","F#","major","F# major"
"Romeo Santos","5lwmRuXgjX8xIwlnauTZIP","6a3RDPcFamZvFCi8VeXWkK","album","2012-08-27",2012,"day",0.768,0.755,9,-4.331,0,0.0422,0.323,0,0.208,0.834,132.002,"1dZe54pxTPI1XsISVTR6ns","https://api.spotify.com/v1/audio-analysis/1dZe54pxTPI1XsISVTR6ns",4,1,279346,FALSE,"https://api.spotify.com/v1/tracks/1dZe54pxTPI1XsISVTR6ns",FALSE,"Debate De 4","https://p.scdn.co/mp3-preview/079e7b0285fdd112c98d7fd0e0be45291235ca38?cid=7a1d4f939a1f4e9989be940adaeb2999",10,"track","spotify:track:1dZe54pxTPI1XsISVTR6ns","https://open.spotify.com/track/1dZe54pxTPI1XsISVTR6ns","Fórmula Vol. 1 (Deluxe Edition)","A","minor","A minor"
"Romeo Santos","5lwmRuXgjX8xIwlnauTZIP","6a3RDPcFamZvFCi8VeXWkK","album","2012-08-27",2012,"day",0.245,0.678,5,-6.168,1,0.0514,0.0519,0,0.0804,0.288,83.624,"0JYdkP4Kz0ixmSfTTPvECC","https://api.spotify.com/v1/audio-analysis/0JYdkP4Kz0ixmSfTTPvECC",4,1,256973,FALSE,"https://api.spotify.com/v1/tracks/0JYdkP4Kz0ixmSfTTPvECC",FALSE,"Rival (feat. Mario Domm)","https://p.scdn.co/mp3-preview/d24532b3a743b2927c186c504348dbd5cc158be5?cid=7a1d4f939a1f4e9989be940adaeb2999",11,"track","spotify:track:0JYdkP4Kz0ixmSfTTPvECC","https://open.spotify.com/track/0JYdkP4Kz0ixmSfTTPvECC","Fórmula Vol. 1 (Deluxe Edition)","F","major","F major"
"Romeo Santos","5lwmRuXgjX8xIwlnauTZIP","6a3RDPcFamZvFCi8VeXWkK","album","2012-08-27",2012,"day",0.862,0.582,4,-6.092,0,0.0403,0.485,0,0.111,0.927,118.078,"7ouoNxUzbi6bLGOZdjp8CH","https://api.spotify.com/v1/audio-analysis/7ouoNxUzbi6bLGOZdjp8CH",4,1,236106,FALSE,"https://api.spotify.com/v1/tracks/7ouoNxUzbi6bLGOZdjp8CH",FALSE,"La Bella Y La Bestia","https://p.scdn.co/mp3-preview/8c35e802ae67541ed6b2319539dea85dbbad9fe6?cid=7a1d4f939a1f4e9989be940adaeb2999",12,"track","spotify:track:7ouoNxUzbi6bLGOZdjp8CH","https://open.spotify.com/track/7ouoNxUzbi6bLGOZdjp8CH","Fórmula Vol. 1 (Deluxe Edition)","E","minor","E minor"
"Romeo Santos","5lwmRuXgjX8xIwlnauTZIP","6a3RDPcFamZvFCi8VeXWkK","album","2012-08-27",2012,"day",0.725,0.625,9,-7.595,0,0.0741,0.318,0,0.0825,0.845,132.108,"1sQrCwV8vvtYLqa0KQlwE9","https://api.spotify.com/v1/audio-analysis/1sQrCwV8vvtYLqa0KQlwE9",4,1,248813,FALSE,"https://api.spotify.com/v1/tracks/1sQrCwV8vvtYLqa0KQlwE9",FALSE,"You","https://p.scdn.co/mp3-preview/30dd28f4ce17c3521df62d0b8b2173bceb1a174a?cid=7a1d4f939a1f4e9989be940adaeb2999",13,"track","spotify:track:1sQrCwV8vvtYLqa0KQlwE9","https://open.spotify.com/track/1sQrCwV8vvtYLqa0KQlwE9","Fórmula Vol. 1 (Deluxe Edition)","A","minor","A minor"
"Romeo Santos","5lwmRuXgjX8xIwlnauTZIP","6a3RDPcFamZvFCi8VeXWkK","album","2012-08-27",2012,"day",0.55,0.632,6,-7.302,0,0.0588,0.0834,1.98e-06,0.183,0.661,170.044,"1ZsJdeKS6c7zCXGPi4AXKw","https://api.spotify.com/v1/audio-analysis/1ZsJdeKS6c7zCXGPi4AXKw",4,1,254600,FALSE,"https://api.spotify.com/v1/tracks/1ZsJdeKS6c7zCXGPi4AXKw",FALSE,"All Aboard (feat. Lil' Wayne)","https://p.scdn.co/mp3-preview/eb8d27cf7d4dfed50f9711838b295f120d27f88c?cid=7a1d4f939a1f4e9989be940adaeb2999",14,"track","spotify:track:1ZsJdeKS6c7zCXGPi4AXKw","https://open.spotify.com/track/1ZsJdeKS6c7zCXGPi4AXKw","Fórmula Vol. 1 (Deluxe Edition)","F#","minor","F# minor"
"Romeo Santos","5lwmRuXgjX8xIwlnauTZIP","6a3RDPcFamZvFCi8VeXWkK","album","2012-08-27",2012,"day",0.69,0.914,8,-4.906,1,0.179,0.0261,0,0.372,0.609,129.085,"29N71XR1pCmuGEixRdzELO","https://api.spotify.com/v1/audio-analysis/29N71XR1pCmuGEixRdzELO",4,1,205640,FALSE,"https://api.spotify.com/v1/tracks/29N71XR1pCmuGEixRdzELO",FALSE,"Aleluya (feat. Pitbull)","https://p.scdn.co/mp3-preview/c938cf6ead0b596d3cb4557e472d7ab31ef886f3?cid=7a1d4f939a1f4e9989be940adaeb2999",15,"track","spotify:track:29N71XR1pCmuGEixRdzELO","https://open.spotify.com/track/29N71XR1pCmuGEixRdzELO","Fórmula Vol. 1 (Deluxe Edition)","G#","major","G# major"
"Romeo Santos","5lwmRuXgjX8xIwlnauTZIP","6a3RDPcFamZvFCi8VeXWkK","album","2012-08-27",2012,"day",0.701,0.829,6,-4.738,0,0.0363,0.52,0,0.385,0.84,137.945,"55NJgOC1k3hMF9SqTX1oXu","https://api.spotify.com/v1/audio-analysis/55NJgOC1k3hMF9SqTX1oXu",4,1,216333,FALSE,"https://api.spotify.com/v1/tracks/55NJgOC1k3hMF9SqTX1oXu",FALSE,"Malevo","https://p.scdn.co/mp3-preview/4b51f2c0f754072ab418968227d79cd71f508761?cid=7a1d4f939a1f4e9989be940adaeb2999",16,"track","spotify:track:55NJgOC1k3hMF9SqTX1oXu","https://open.spotify.com/track/55NJgOC1k3hMF9SqTX1oXu","Fórmula Vol. 1 (Deluxe Edition)","F#","minor","F# minor"
"Romeo Santos","5lwmRuXgjX8xIwlnauTZIP","6a3RDPcFamZvFCi8VeXWkK","album","2012-08-27",2012,"day",0.736,0.762,1,-5.679,1,0.0587,0.376,0,0.102,0.703,132.922,"2S0ry3UCN0vn6BmGGE5Egt","https://api.spotify.com/v1/audio-analysis/2S0ry3UCN0vn6BmGGE5Egt",4,1,252546,FALSE,"https://api.spotify.com/v1/tracks/2S0ry3UCN0vn6BmGGE5Egt",FALSE,"Promise (feat. Usher) - English Version","https://p.scdn.co/mp3-preview/ea4b6894f544f0ad7956b75fd3fc7e00b7661a22?cid=7a1d4f939a1f4e9989be940adaeb2999",17,"track","spotify:track:2S0ry3UCN0vn6BmGGE5Egt","https://open.spotify.com/track/2S0ry3UCN0vn6BmGGE5Egt","Fórmula Vol. 1 (Deluxe Edition)","C#","major","C# major"
"Romeo Santos","5lwmRuXgjX8xIwlnauTZIP","6a3RDPcFamZvFCi8VeXWkK","album","2012-08-27",2012,"day",0.675,0.913,8,-5.052,1,0.135,0.0145,0,0.482,0.639,129.003,"7ARXfSVRG93ZIby4Vf2IJU","https://api.spotify.com/v1/audio-analysis/7ARXfSVRG93ZIby4Vf2IJU",4,1,208773,FALSE,"https://api.spotify.com/v1/tracks/7ARXfSVRG93ZIby4Vf2IJU",FALSE,"Aleluya (English Version) (feat. Pitbull)","https://p.scdn.co/mp3-preview/98cb9f64d375c142a5cba9701ac127e11049934a?cid=7a1d4f939a1f4e9989be940adaeb2999",18,"track","spotify:track:7ARXfSVRG93ZIby4Vf2IJU","https://open.spotify.com/track/7ARXfSVRG93ZIby4Vf2IJU","Fórmula Vol. 1 (Deluxe Edition)","G#","major","G# major"
"Romeo Santos","5lwmRuXgjX8xIwlnauTZIP","6a3RDPcFamZvFCi8VeXWkK","album","2012-08-27",2012,"day",0.482,0.429,1,-16.131,1,0.469,0.74,0,0.815,0.563,100.578,"6htZ50432uPUnupXZx6zvc","https://api.spotify.com/v1/audio-analysis/6htZ50432uPUnupXZx6zvc",5,1,117053,FALSE,"https://api.spotify.com/v1/tracks/6htZ50432uPUnupXZx6zvc",FALSE,"Outro","https://p.scdn.co/mp3-preview/ebbe30408da59b885783e9a6c03b917dd143bb33?cid=7a1d4f939a1f4e9989be940adaeb2999",19,"track","spotify:track:6htZ50432uPUnupXZx6zvc","https://open.spotify.com/track/6htZ50432uPUnupXZx6zvc","Fórmula Vol. 1 (Deluxe Edition)","C#","major","C# major"
"Romeo Santos","5lwmRuXgjX8xIwlnauTZIP","6a3RDPcFamZvFCi8VeXWkK","album","2012-08-27",2012,"day",0.481,0.307,3,-8.3,1,0.0471,0.936,0,0.388,0.505,84.393,"1F1ZBb99LyHuSiBP7OJtVW","https://api.spotify.com/v1/audio-analysis/1F1ZBb99LyHuSiBP7OJtVW",3,1,186053,FALSE,"https://api.spotify.com/v1/tracks/1F1ZBb99LyHuSiBP7OJtVW",FALSE,"Vale La Pena El Placer","https://p.scdn.co/mp3-preview/47e826def98520d94b80a93b30cc724eca689c9a?cid=7a1d4f939a1f4e9989be940adaeb2999",20,"track","spotify:track:1F1ZBb99LyHuSiBP7OJtVW","https://open.spotify.com/track/1F1ZBb99LyHuSiBP7OJtVW","Fórmula Vol. 1 (Deluxe Edition)","D#","major","D# major"
